testlist <- list(reference = c(-6.78386565460107e-308, 4.26213545763438e+180,  5.37986977479898e+228, -3.38043468263681e+221, -3.38084306397821e+221,  8.08461582228706e+107, 1.89834382482261e-130, NaN, 4.86992077208002e+173,  NaN, 2.6836556536309e+199, 1.1241466614968e+79, 7.9142779686275e-308,  NaN, -1.42586971886244e+115, NaN, NaN, 6.78386565460133e-308,  1.40585835498457e-96, -7.3701226551802e+111, 3.03578609956134e-111,  NaN, NaN, NaN, NaN, NaN, NaN, NaN, NaN, NaN, -2.88128081597603e+304,  8.08461621753613e+107, 8.96831008817694e-44, NaN, 8.96831008815698e-44,  1.66520406040118e-113, -4.38889925503495e+305, -1.08964878377028e+270,  3.46422751968503e-58, NaN, -5.05009783478193e-195, 8.81442206795582e-280,  2.80676119034379e-111, -4.38361869693239e-193, -5.04975683349975e-195,  -5.04975683349975e-195, -5.04975683349975e-195, 7.46382153719609e-302,  3.52953696536771e+30, 3.52953696534134e+30, 3.52953696534134e+30,  3.52953696534134e+30, 3.52953696534134e+30, 3.52953696534134e+30,  3.52937013357824e+30, 6.71922540489323e-308, 3.52960883708582e+30,  3.52953668882465e+30, 3.52953696534134e+30, 3.52953696534134e+30,  8.88824096868403e-320, -5.82526594008686e+303, -3.38862025531171e+221,  NaN, NaN, 8.19687239950678e+107, -6.65653095510911e-304, 5.12444887866541e-320,  0, 0, NaN, -3.27597167605773e+221, 3.3262620037579e-111, NaN,  NaN, NaN), values = c(3.09906045246018e+169, 9.07657702144378e+223,  3.33118944628688e-28, 1.32387786323174e-124, 7.29112200817169e-304,  0, 1.32024280787329e-192, NaN, 8.28904556439245e-317, 0, -5.57585770288404e+303,  -3.38084306444177e+221, 9.0765751525384e+223, -1.46791723452828e+115,  NaN, NaN, 1.25133276474874e-308, 2.80241425175232e+199, 1.38080630541309e+267,  5.64034042605629e-307, 1.97498519621898e+166, 1.53191220823491e-94,  NaN, 5.43230922486616e-312, 0, 545425737117696, -3.38087344363186e+221,  5.28946128362287e+169, -1.42575354797469e+115, NaN, 2.11382016558184e-307,  -1.41829700776352e+306, 6.19976597095381e+223, 1.17691306565481e-94,  -3.3808414687386e+221, -3.38084306397821e+221, -9.16791799529678e-288,  5.84173491503876e-308, NaN, -4.38847399816601e+305, NaN, 3.28559285235871e+180,  4.87620583420805e-153, -5.54566631047895e+303, NaN, -1.46775362728363e+115,  7.29023249255461e-304, NaN, 7.36301970513474e-304, 5.28946128362287e+169,  -1.42575354797469e+115, 3.17104091632761e-115, NaN, NaN, NaN,  NaN, NaN, NaN, NaN, NaN, NaN, NaN, 8.1964356050244e+107, -1.46893846774322e+295,  -1.46775317348833e+115, NaN, -5.57586291464554e+303, 2.44232178849596e-265,  1.46200330461844e+113, 3.28559320723671e+180, 2.61786507540833e+122,  4.71389943369527e+257, 8.90389806613074e+252, NaN, 1.390671161567e-309,  0, -5.82526594008686e+303, -3.38862025531171e+221, 1.40585835498462e-96,  -7.3701226551802e+111))
result <- do.call(diversityForest:::numSmaller,testlist)
str(result)