testlist <- list(reference = c(-1.96218045440049e+298, NaN, NaN, NaN, NaN,  -1.02187023848178e+296, NaN, 4.94660802946209e+173, 3.1092269020702e-115,  6.65420853415718e-304, 562915820175350, 8.20359106299124e+107,  NaN, NaN, NaN, NaN, 1.91595433398393e-130, NaN, -1.17211859793654e+217,  2.47160388091001e-130, 4.43680866118611e-63, 6.71872036989503e-308,  1.89834304124097e-130, NaN, -1.49222440869543e+306, NaN, -1.44289079472519e+295,  2.58467073732704e+122, NaN, -5.04975683349983e-195, -5.04975683349975e-195,  -5.04975683349975e-195, -5.04975683349975e-195, 7.05823638748861e+223,  9.16446758640292e+32, 3.52953696534134e+30, 3.52953696534134e+30,  3.52953696534134e+30, 3.52953696534134e+30, 3.52953696534134e+30,  -1.96218045440049e+298, 7.09706696822524e-57, -6.3047099112939e+144,  3.52953724609035e+30, 3.5295369642612e+30, 3.52953696534134e+30,  3.52953696534134e+30, 3.45845952088873e-322, 545425737117696,  -3.38087344363186e+221, 4.9460914866929e+173, -6.03530362183038e+303,  1.39067111850281e-309, 0, 0, 0, 0, -7.87981129990035e+115, -3.38043341011915e+221,  32.5019836425781, NaN, NaN, NaN, -1.46775362728363e+115, NaN,  4.86992111298972e+173, -5.53568573599796e+303, NaN, -1.41829700776352e+306,  NaN, 2.6837394468297e+199, 3.66388350743245e+170, -1.96218045440049e+298,  9.67140654256225e+25, 6.19976595872092e+223, 2.6837394468297e+199,  1.1241466614968e+79, 2.44944917643411e-312, 0), values = c(5.17205160501051e+160,  NaN, -1.35440718801003e-306, NaN, 8.90389806741436e+252, 2.85062126376584e-109,  1.39024403380865e-128, 5.71913223359099e-66, -6.67863746055378e+305,  -2.88128141498359e+304, -2848526764291390976, -2848394305499268608,  -2848394305499268608, -2.58867295080017e-183, NaN, 0, 1.3202428078721e-192,  NaN, NaN, 0, 0, 0, 0, 2.02284438507954e-53, -2.99902786516807e-241,  -3.38084306397822e+221, -1.42575354796895e+115, NaN, NaN, 1.25133276474874e-308,  2.80241425175232e+199, 1.38080630541309e+267, 4.85201430002737e+173,  -7.29112201951102e-304, 1.12414725736049e+79, 2.80241425239272e+199,  1.38080630541309e+267, 3.07839226128608e+169, 3.73756263894655e-317,  0, 0, 0, -5.48612406879369e+303, NaN, -3.38084306398002e+221,  3.5106917865117e+251, 2.03489682272744e+174, -3.02610044756966e-306,  NaN, 2.6836556536309e+199, 1.1241466614968e+79, -3.90267592105374e+304,  NaN, NaN, NaN, -3.02610044756966e-306, NaN, -2.58878110509099e-183,  NaN, NaN, -2848394300306226688, -2848394305499268608, 5.6291750886281e-305,  7.10118714828096e+120, NaN, 3.62481397672515e+228, -8.14306055958806e-196,  NaN, 4.85371503343449e-310, -5.05009783478193e-195, -5.04975683349975e-195,  -5.04975683349975e-195, -5.04975683349975e-195, 8.90875338933675e+194,  -5.04975630806988e-195, 3.52953697007543e+30, 3.52953696534134e+30,  NaN, NaN, 3.52953696536811e+30, 3.52953696534134e+30, 0))
result <- do.call(diversityForest:::numSmaller,testlist)
str(result)