testlist <- list(reference = c(9.54898105929432e-313, NaN, -5.48625012862983e+303,  7.2911220195564e-304, 0, 6.65474741934543e-304, 2.14973747016756e-106,  -3.3258682917816e+296, NaN, -2848394305499268608, -2848394305499268608,  -2848394305499268608, NaN, 8.28904556439245e-317, 1.32022266256678e-192,  -5.48625012862983e+303, -4.53801546776667e+279, 8.28904556439245e-317,  0, 0, 0, 0, 2.11338725991955e-307, -3.38084318264874e+221, -9.16791799529678e-288,  5.84173491503876e-308, 3.52953697219341e+30, 3.52953696534134e+30,  0, 2.11338725991955e-307, -3.38084318264874e+221, -4.38889639062999e+305,  NaN, 5.43230905664669e-312, 0, 0, 0, -5.48612406879369e+303,  -1.3670848456346e-304, 4.12203828567723e-280, -1.7696178914728e+306,  NaN, NaN, NaN, -1.4679172363009e+115, NaN, 4.06031348436649e-114,  4.71389943380138e+257, 8.90389806613074e+252, 3.59535147836283e+246,  1.31345966072643e+200, NaN, 4.86992110381193e+173, 6.95335580783698e-310,  1.69376375318878e+190, NaN, 0, NA, NaN, 2.12199579047121e-314,  0, 2.11338725991955e-307, -3.38084318264874e+221, 3.63340733226172e+228,  NaN, -3450544489988096, -2848394305499268608, -2.88128141899969e+304,  3.50513158674536e-58, 1.29035286663029e+214, 3.2848878366513e-317,  0, 0, -5.48612406879369e+303, NaN, -3.38084306398002e+221, -7.37012264801218e+111,  NaN, NaN, 2.44232178849596e-265, 1.46200330461844e+113, 3.28559320723671e+180,  -4.2451206299595e+305, NaN, 1.68074182680581e+117, NaN, 3.28559320723671e+180,  4.87620583420805e-153, -Inf, 0, 0, 0, 1.26480805335359e-321,  -5.96514295758981e+306, 4.89124989382834e-322, -7.87981129990035e+115,  -3.38043341011915e+221, 0), values = c(3.42810353525703e-58,  -Inf, -1.49201679807808e+306, 3.45053507875572e+228, 4.28737568547727e+160,  9.26370118564374e+25, NaN, NaN, NaN, 6.71650452643186e-308, 7.16757668986373e+169,  NaN, 3.78576699573389e-270, 2.70668923417669e-319, 2.11338725991955e-307,  -3.02610044756966e-306, 2.47108327836454e-312, 2.02284438507954e-53,  -2.99902786516807e-241, -3.38084306397822e+221, -6.0503313177058e+112,  NaN, NaN, 1.25133276474874e-308, 2.80241425175232e+199, 1.38080630541309e+267,  4.85201430002737e+173, -7.29112201951102e-304, 1.12414725736049e+79,  2.80241425175224e+199, 1.38080630541309e+267, 3.07839226128608e+169,  3.73756263894655e-317, 0, 0, 0, -5.48612406879369e+303, NaN,  -3.38084306398002e+221, -1.73315831310531e-307, NaN, 4.12204023037439e-280,  NA, NaN, NaN, 3.73007072136549e-315, 1.32024272918069e-192, NaN,  1.390671161567e-309, 0, -5.82526594008686e+303, 3.07943495111111e+227,  4.40516377262929e-299, -36893477427179835392, -2848394305499268608,  -2848394305499268608, -2.7758496935374e+307, NaN, 3.23785921002061e-319,  1.32024272918069e-192, NaN, Inf, 3.23785921002061e-319, 0, 0,  0, 0, -5.57585770288435e+303, -3.38084306444177e+221, 1.65167226320069e-113,  -5.53568575314962e+303, NaN, -1.41829700776352e+306, 6.19976597095381e+223,  4.29837111881884e-322, -5.57585770288466e+303, 0))
result <- do.call(diversityForest:::numSmaller,testlist)
str(result)