testlist <- list(reference = c(3.52953839945923e+30, -1.45001935693512e-238,  3.51111832611013e+30, 3.52946617706777e+30, 3.52953696534134e+30,  3.52953696534134e+30, 2.27542427257832e-317, 6.65474741934543e-304,  -7.12887022356187e+221, -2.88128142034616e+304, -2.58878110507429e-183,  NaN, 0, 0, 0, 0, -4.17030214696144e+305, -1.12117482077587e+217,  NaN, NaN, NaN, NaN, 1.12006216464425e-299, -2.78121778620578e+305,  0, 0, 0, 0, -4.17030214696144e+305, -5.57586290449419e+303, 1.32022266256882e-192,  -5.48625012862983e+303, 7.2911220195564e-304, 0, 6.65474741934543e-304,  -4.38675957321841e+305, NaN, NaN, -3.01704011939037e+304, -2.58878110161143e-183,  5.38007010341562e+228, -3.94432836484622e-162, 3.07839226128608e+169,  1.39024403380865e-128, 1.66054346692148e+170, 8.68011069778442e+169,  -1.49201680251608e+306, 1.53207801945114e-94, 8.76431881444561e+252,  7.36893105969951e+223, NaN, 1.25986739689518e-321, 1.3202428075659e-192,  NaN, -3.03672179200855e+284, NaN, 0, -1.34095520796864e+295,  -2.63333821500444e+306, NaN, 4.85371503343449e-310, 6.953355807835e-308,  NaN, 4.86992110378536e+173, 3.18235744595646e+227, 1.28298966912055e-319,  NaN, -5.66327351098759e+303, -3.38084306444177e+221, 3.63055026710265e+228,  NaN, NaN, -1.22200784813198e+305, 3.52953696534133e+30, -7.29047631184844e-304,  NaN, NaN, 6.65475089602334e-304, 6.53594204837259e-121, 7.29112200817169e-304,  0, 1.33633372390481e-192, NaN, 5.43230922486616e-312, -7.37012265518009e+111,  NaN, NaN, NaN, NaN, NaN, 1.68048229156485e+117, 1.78214490256849e-314,  3.81752867881136e-310, 0, 0, 0, 0), values = c(-4.95728974543412e-195,  NA, 3.03578703362443e-111, NaN, -5.13705117148896e-195, NaN,  7.2907590271368e-304, 0, 0, 0, 0, 0, 0, 0, 7.32823853833298e+223,  6.22623865398037e-109, 5.83220047689925e-302, -3.02610044756966e-306,  1.65928686795964e-114, 7.32823854590315e+223, 6.22623865398037e-109,  3.62473289151349e+228, 1.45996398346088e-319, 0, 0, 0, -2.93744652442292e-306,  -2.937446524423e-306, NaN, -2.937446524423e-306, NaN, -2.937446524423e-306,  -2.937446524423e-306, -2.937446524423e-306, -2.937446524423e-306,  -2.937446524423e-306, -2.937446524423e-306, 6.98062386982649e-310,  -5.82526070811123e+303, -3.38862025531171e+221, -1.40655084778892e+295,  -3.38881675042736e+221, 6.22623865396926e-109, 7.86759261048617e+26,  1.35815017778549e-304, NaN, Inf, 5.47184371160489e+169, -3.38084306397822e+221,  NaN, -3.03672178465266e+284, 3.03578628095153e-111, NaN, 1.96004861967405e-130,  -1.44867963691583e+306, 4.85240991947051e+173, -7.29112201951102e-304,  1.12414725736049e+79, 2.68373944682283e+199, -Inf, 5.36938359308786e+169,  4.71338726687368e+257, 0))
result <- do.call(diversityForest:::numSmaller,testlist)
str(result)