testlist <- list(id = c(0L, 0L, 0L, 0L, 8026746L, 987942308L, 133L, -2055570899L,  -8758476L, 2051080192L, 0L, -8716289L, -16776961L, -1L, -1L,  -13534598L, 2054881025L, 0L, 3810098L, 1526726656L, 16743999L,  -16711680L, -1L, -255L, 975385179L, -8750592L, 255L, 2046820352L,  0L, 0L, 255L, -1L, -198L, 590502656L, 255L, 2118123265L, 65535L,  -1L, -16696797L, 844889978L, 2046820352L, 16777215L, -1L, -1L,  -1L, -1L, -1L, -1L, -1L, -1L, -1L, -255L, 0L, 255L, -3237L, 880427264L,  0L, 16743034L, 2054815744L, 0L, 0L, 0L, 0L, 0L, 0L, 0L, 0L, 60909L,  -303174400L, 64767L, 65536L, 0L, -1785397248L, 0L, 237L, -318702337L,  20992L, 512L, 0L, 0L, 771751936L, 0L, 0L, 0L, 8739592L, 3801344L,  704674304L, 2057633658L, -194348422L, 64L, -8781653L, 1560281088L,  65535L, -256L, 10496L), x = c(3.56576985387823e-67, 9.61208666301096e+281,  NA, 3.56576985387823e-67), y = c(2.11373912349891e-314, 2.41578338190536e-319,  1.55634498843871e+133, 7.06328487637177e-304, 9.5088818298453e+281,  1.01522935857838e-314, 0, 2.10464060078038e-317, 7.31789356780358e-15,  2.06112653810805e+131, NaN, 7.74860418548935e-304, 2.88109526158232e+284,  2.01169248782128e+131, 2.12009843264181e-317, 0, -5.48612406879369e+303,  NaN, 3.23785921002061e-319, 0, 0, 0, 8.28854112336805e-317, -1.4809110532269e-101,  2.35665861591536e-306, 3.5569324490875e-310, -1.13625563244681e+217,  7.29023199011909e-304, -3.84920179976737e+306, 1.78020193530977e-305,  -2.9839961510687e+305, NaN, 1.390671161567e-309, 0, 0, -3.27585619210153e+221,  NaN, -1.04694481341802e-204, 1.65436122510105e-24, NaN, NaN,  -2.10506958779996e-131, 6.65575004267515e-310, NaN, 1.65780916228505e-316,  NaN, 2.52467545024877e-321, 4.52700906594056e-138, 2.5989475024387e-312,  1.01524612024948e-314, -5.48612406887321e+303, 6.6889321600096e-198,  9.20659246006869e-310, 2.59903006783867e-312, -5.82900159111767e+303,  0, NaN, 2.52467545024877e-321, 4.77830972671e-299, -8.22752278660603e+62,  3.22526053605166e-319, 9.61276248016281e+281, 1.01126361913189e-314,  -5.48612406883205e+303, NaN, 5.45991444386983e-139, 2.59903018318324e-312,  9.61208666301096e+281, -1.47163710181398e-101, 3.90872035407247e+280,  2.59898715856342e-312, 0, 0, 7.31789356780358e-15, 5.30074548584385e-310,  0, 3.91275187987806e-28, 2.35665861845341e-306, 0, 0, 9.61276248011331e+281,  5.31468269165811e+303, 6.46628176620565e-319, -6.76355781683205e-292,  6.96332221205217e-308, 8.25666697229224e-317, 0, 1.08646182031046e-311,  0, 4.24399148558774e-314, 2.35683859298837e-306, 7.29112201950335e-304 ))
result <- do.call(ggforce:::enclose_points,testlist)
str(result)