testlist <- list(id = c(-207L, 2054847098L, -16711680L, 0L, 0L, 0L, 0L, 65850L,  590502911L, -12583046L, 2054846976L, 255L, 2054815744L, 255L,  0L, 16711680L, 1032454144L, 0L, 0L, 0L, 0L, 0L, -303174400L,  -50397184L, 65280L, 16777215L, 0L, 16777215L, -1785359104L, 0L,  15871L, -1L, 16777216L, 0L, 1040187391L, -65280L, 0L, 52644L,  -8719254L, 587268352L, 33554432L, 16640L, 0L, 11091322L, 2054847098L,  4062976L, 44L, 167706624L, 0L, 2L, -50397184L, 590479360L, 0L,  1040187391L), x = c(1.90359856625529e+185, 7.29111993354965e-304,  NaN, 2.52467545024877e-321, 0, 0, 4.95404057304743e-310, 2.77725739802214e-309,  7.29112191091021e-304, 9.61276249044187e+281, 6.65340712592837e-310,  0, 0, 1.28318764023671e-314, -2.84902544879745e-282, 6.65340712760765e-310,  2.59903006783867e-312, 8.25666697229224e-317, 2.9334105108876e-312,  0, 0, 0, 4.95404038680439e-310, 2.77725739802214e-309, 2.8810952601757e+284,  2.23352473818206e+131, 2.12009695044487e-317, 1.39067111850155e-309,  1.25986739689518e-321, 9.61276248427429e+281, 8.37116099364294e+298,  6.46628176620565e-319, 0, 2.35665861844352e-306, 4.53802412334407e+279,  2.72846218802522e-310, -7.95487989975085e+304, 9.43907217312373e+281,  0, 1.390671161567e-309, 1.38940990052625e-312, 1.38784882427456e-309,  NaN, -5.48612406887321e+303, 3.47776224376669e-308, 1.39063016900734e+284,  -5.48612406879384e+303), y = c(6.97361122215817e-109, 2.35665861844368e-306,  9.61275984016236e+281, 2.82225440198381e-312, NaN, NaN, NaN,  NaN, NaN, 2.01158506305024e+131, NaN, -2.9839961467886e+305,  2.3566586212048e-306, 6.65351697366701e-310, NaN, 7.54976043458947e+168,  4.44032361256578e+252, 27489715.1336613, 6.97361122215817e-109,  9.5088818298453e+281, 1.01522935857838e-314, 0, 2.10464060078038e-317,  7.31789356780358e-15, 2.06112653810805e+131, NaN, 7.74860418548935e-304,  NaN, 6.65340712760765e-310, 2.59903006783867e-312, 8.25666697229224e-317,  2.9334105108876e-312, 0, 0, NaN, 4.94065645841247e-324, 2.52950560262203e-29,  7.23149428685983e-308, 7.29112201277686e-304, 6.97361122215817e-109,  0, -1.1031304526204e+217, -1.94906452984376e+289, 1.65782181036559e-316,  8.22125234679834e-320, 2.35665861844851e-306, 1.73672818084122e-264,  1.93517210010652e-312, 1.0848661711024e-311, 9.80069528054233e+281,  4.8780170556261e-42, -3.27585619210826e+221, NaN, 1.93507844992877e-312,  1.0848661711024e-311, 9.80069528054233e+281, 1.90067739263316e+131,  -8.63956971416238e+304, 3.52374584315305e-67, -5.48612540698196e+303,  3.61247587838313e-67, 5.42745243716277e-315, 0, 0, NaN, 8.28904556439245e-317,  0, 0, 0, 2.12186652758222e-314, 7.68427075585724e-306, 9.61275984016236e+281,  3.56591235480475e-67, 0.00756740570068367, 2.52467545024877e-321,  -4.1921160531376e-282, 6.97361122215817e-109, NaN, NaN, 9.50997866463853e+281,  1.656120396501e-316, 0, 0, 0, 1.39058644751628e-309, -1.07567487554541e-204,  9.43907218740901e+281, 2.56922136070574e-28, 0))
result <- do.call(ggforce:::enclose_points,testlist)
str(result)