testlist <- list(id = c(1073676544L, 0L, 65402L, 2063563395L, -2061290405L,  880473075L, -202168064L, 0L, 16742912L, 0L, 0L, 0L, 0L, 0L, 0L,  0L, 0L, 0L, 0L, 0L, 0L, 0L, 0L, 0L, 0L, 0L, 0L, 0L, 0L, 0L, 0L,  0L, 0L, 0L, 0L), x = c(2.92556071557108e+284, 4.57125288574348e+279,  0, 0, 4.94065645841247e-324, 0, 0, 0, 5.5651554347558e-320, 0,  7.29023199653792e-304, 5.65262695427985e-139, 5.31468269165811e+303,  NaN, 3.56576985387823e-67, 2.91449399042104e+284, 9.80069528054249e+281,  2.00000091253537, 1.98763050992412e-312, 2.18007543806831e-106,  2.58413378318511e+161, 9.48236259052892e-315, 3.56576554801396e-67,  9.6134979878195e+281, -5.5738235779885e+303, 8.25679295903193e-317,  3.23125301468231e-188, -3.27629744428248e+221, -1.94906452983097e+289,  9.61275988344036e+281, 9.43907218740897e+281, 3.73812408231193e-306,  0, -5.48612406879369e+303, 7.74860421254438e-304, 3.56576703507616e-67,  7.55926601111973e-315, -5.48613451737665e+303, 2.83989925879564e-29,  2.88145829784694e+284, 5.66199230134069e-321, 7.12024311118824e-307,  -5.82900159111767e+303, 1.38523885234213e-309, -1.1031304526204e+217,  -1.04686398437465e-204, NaN, 3.23785921002061e-319, 0, 0, 3.40967176794437e-304,  2.78136354179675e-309, 1.72457614811656e-307, NaN, NaN, NaN,  NaN, NaN, Inf, 4.95404057628529e-310, 2.77725739802214e-309,  2.8810952601757e+284, 2.01169248782128e+131, 1.39012907665297e-308,  3.56576419408269e-67, 0.00756740570068367, 9.6134992532753e+281,  3.05868298583506e-294, 3.22526053605166e-319, 9.61276090537297e+281,  2.92556071557108e+284, 4.66602416025939e-299, -5.48612406879369e+303,  1.55498017282131e-57, 5.42744864273861e-315, 1.01952028610418e-314,  0, 0, 1.39058635877473e-309, 5.41818101005103e-308, 3.56591235705015e-67,  0.00756740570068367, 2.52467545024877e-321, 6.62196022016259e+185,  1.90359856625529e+185, 1.90359856748205e+185, 1.90359856625529e+185,  1.39067111183272e-309, NaN, 4.94065645841247e-324, 0, 0, 0, 9.61276090537297e+281,  1.54909342597064e-319, 0), y = c(0, 3.40967015233635e-304, 4.77830972680601e-299,  2.12314461562607e-314, -1.16220042600563e+306, 4.61885211847645e+280,  -5.48612406879377e+303, 7.06327793312306e-304, 4.0215293667719e-87,  0, 0, 2.18072827008259e-106, -7.95487989975085e+304, 6.4757678266058e-319,  4.53455693196529e-104, 1.06580554219654e-312, NaN, 2.52467545024877e-321,  -2.06228041419356e+289, -6.17188957739321e+303, 1.73348313580306e-56,  2.86558074587923e-322, 0, -3.27585619210153e+221, 8.25678406585031e-317,  0, 7.06379451292344e-304, 2.52435489670724e-29, 6.05127749910131e-307,  4.66602416025939e-299, NaN, 2.9142031144129e+284, 9.80069528054249e+281,  2.00000091253537, 1.98763050992412e-312, 2.18007543806831e-106,  2.58413378318511e+161, 9.48236259052892e-315, 3.56576554801396e-67,  -1.16220059342883e+306, -1.04694481341802e-204, 3.62866123658156e-312,  2.21813676736038e+130, 1.93517209910357e-312, 1.0848661711024e-311,  9.80069528054233e+281, 1.73351767503076e-56, 8.28152835559097e-320,  -5.48746345451119e+303, NaN, 4.70042796279821e-299, 0, 0))
result <- do.call(ggforce:::enclose_points,testlist)
str(result)