testlist <- list(id = c(0L, 0L, 0L, 63L, 704643082L), x = c(0, 7.29023199001299e-304,  0, 2.68274337533364e-29, 2.90432989580448e+284, 4.24795732137704e-314,  3.96580515722454e-317, 1.38526007197625e-309, 2.11370674490681e-314,  1.24955539589097e-310, 1.93517209884665e-312, 9.80210924479443e+281,  4.8780170556261e-42, 1.38523910077254e-309, 1.47154785030934e-71,  NaN, 9.6127624905099e+281, 1.37931846511175e-312, 9.61276248011331e+281,  -1.075675315164e-204, NaN, 4.97449576088715e-14, -2.35766308836119e-259,  4.61446153327383e+279, 2.35683859298837e-306, 5.41108926696144e-312,  4.67056910669131e-306, 0, 0, -3.38043295900995e+221, 6.05127749275618e-307,  4.77830971783619e-299, -8.77779581553461e+304, NaN, 1.25986739689518e-321,  0, 0, 1.29250613839639e-309, 1.08647013351435e-311, 5.38787993799776e-315,  9.61276117442281e+281, -1.65436279813346e-24, -5.87276176762982e-21,  -5.87276176762982e-21, -5.87276176762982e-21, -5.87276176762982e-21,  -5.87276176762982e-21, 1.60451468448671e-24, -5.48612407607418e+303,  1.65537435737578e-316, 2.92556071557108e+284, 27489715.1336617,  -3.38084305772051e+221, 4.77947623505725e-299, 5.3146826916581e+303,  6.46628176620565e-319, 9.80137376954678e+281, 1.93517209944941e-312,  1.0848661711024e-311, 5.29954750712592e+280, -1.16220042600564e+306,  5.29954751359639e+280, 3.2114266979681e-322, 0, 9.80069528054233e+281,  NaN, 0, 0, 0, -2.192695652565e+289, -1.75204598749771e-207, 9.28937276565616e-310,  2.59898715796066e-312, 4.95404057370963e-310, 2.77725739802214e-309,  2.8810952601757e+284), y = c(1.39067111850155e-309, NaN, -1.16211167651411e+306,  4.94065645841247e-324, 3.56576419407881e-67, 0.00756740570068367,  2.52467545024877e-321, -4.1921160531376e-282, -3.57110726119936e+250,  5.30577097068915e-320, 0.0075674057007109, 1.01524624623622e-314,  0, 0, -3.38084146200568e+221, 1.39058628173653e-309, -1.07567487554541e-204,  4.53801546776674e+279, 6.05127749910136e-307, 2.91626510016212e-300,  NaN, NaN, 6.65340712760765e-310, 9.43975066195912e+281, 9.80069528054249e+281,  4.95404057304743e-310, 2.77725739802214e-309, 2.8810952601757e+284,  2.23352473818206e+131, 7.21840137036168e-308, 2.40273209939739e-306,  9.2347210883088e-310, 1.72457614560398e-307, NaN, NaN, NaN, NaN,  NaN, NaN, NaN, NaN, NaN, NaN, NaN, 2.92555966859241e+284, 27489715.1336617,  -3.38084305772051e+221, 4.77947623505725e-299, 5.3146826916581e+303,  6.46628176620565e-319, 9.80137376954678e+281, 1.73681449238663e-264,  -2.35787273627248e-259, 5.27987464033739e+280, -1.16220042600564e+306,  5.29954751359639e+280, 3.2114266979681e-322, 0, 9.80069528054233e+281,  NaN, 0, 0, NaN, 4.24399158143648e-314, -1.02064027631295e-202,  9.28937276565616e-310, 2.59898715796066e-312, 4.95404057370963e-310,  2.77725739802214e-309, 2.8810952601757e+284, 2.23352473818206e+131,  2.12009695044487e-317, 1.39067111850155e-309, NaN, -1.16211167651411e+306 ))
result <- do.call(ggforce:::enclose_points,testlist)
str(result)