testlist <- list(id = c(2054881279L, 587202560L, 0L, 3014656L, 0L, 0L, 0L,  34139L, 134232577L, 2752512L, 0L, 1040187391L, 16777216L, -221L,  32767999L, -16711680L, 0L, 0L, 0L, 0L, 14883L, 844890111L, -8750592L,  975385179L, -49153L, 2054847098L, 2054829946L, 1090519040L, 237L,  -318702337L, 20992L, 512L, 0L, 0L, 3997696L, 60909L, -1967849409L,  976321146L, 2054847098L, 0L, 0L, 0L, 0L, 0L, 2054847098L, -2063597568L,  -310740358L, 2046820352L, 0L, 0L, 0L, 0L, 0L, 15592941L, -303235072L,  16580352L, 16777216L, 149L, -1787166720L, 3801344L, 704643072L ), x = c(2.35683859298837e-306, NaN, 1.72457614812273e-307, NaN,  NaN, NaN, NaN, NaN, NaN, 4.95404057628529e-310, 2.77725739802214e-309,  2.8810952601757e+284, 2.01169248782128e+131, 1.39012907665297e-308,  3.56576419408269e-67, 0.00756740570068367, 9.6134992532753e+281,  3.05868298583506e-294, 3.22526053605166e-319, 9.61276090537297e+281,  1.54909342597064e-319, 0, 4.53801546776674e+279, -9.96345958141803e-203,  4.95413536471411e-310, 8.20251227189485e-304, 7.74860418548935e-304,  -8.77779581553461e+304, 1.01522935857838e-314, 3.96580515722454e-317,  7.06327445644547e-304, 4.47602922001302e-317, 0, 0, 7.28756513264794e-304,  NaN, -4.18777925367209e-204, 1.73351773607096e-56, 5.43230922423869e-312,  0, 0, -3.38043295900995e+221, 7.28756190143209e-304, 131072.000000015,  1.13686837721616e-11, -7.95539254308448e+304, 1.60451468222695e-24,  -5.48612407607418e+303, 1.65537435737578e-316, 2.92556071557108e+284,  27489715.1336617, -3.38084305772051e+221, 4.77947623505725e-299,  5.3146826916581e+303, 6.46628176620565e-319, 9.80137376954678e+281,  1.93517209944941e-312, 1.0848661711024e-311, 5.29954750712592e+280,  -1.16220042600564e+306, 5.29954751359639e+280, 3.2114266979681e-322,  0, 9.80069528054233e+281, NaN, 0, 0, 0, -2.192695652565e+289,  -1.75204598749771e-207, 9.28937276565616e-310, 5.45866667659333e-139,  5.31468269165811e+303, NaN, 3.56576985387823e-67, 9.6134979878195e+281,  9.80069528054249e+281), y = c(1.38526007197625e-309, 9.80104981291623e+281,  9.80069528058277e+281, 1.01522929830237e-314, 1.86722328759182e+159,  5.0291300245877e-312, 2.48671381753743e-316, 6.05127749275618e-307,  2.91626510016212e-300, NaN, NaN, 6.65340712760765e-310, 9.43975066195912e+281,  9.80069528054249e+281, -5.48612406879369e+303, -5.48612408915157e+303,  2.3566586212048e-306, 9.43975066195912e+281, 1.01126361913189e-314,  8.01966295453648e+168, 2.31407681284749e-306, 3.22827433649129e-319,  2.35665862120472e-306, 6.65351697366701e-310, 1.90359856549549e+185,  2.77381505368628e+186, 1.90359856625529e+185, -4.91556716563914e+305,  NaN, 4.24399157550769e-314, 0, 0, 0, 1.47154785030934e-71, 6.65340712592837e-310,  9.80140434545917e+281, 9.80069528058277e+281, 1.01522929830237e-314,  1.86722328759182e+159, NaN, 5.42738242806076e-315, 1.39066013681195e-309,  0, 9.61275984016214e+281, 2.35665862120477e-306, 6.65351697366701e-310,  2.11370674490681e-314, 7.50953090787226e-310, 0, 0, 5.04877506374624e-312,  0, 3.81296118689072e-315, 0, 9.61276248427429e+281, 6.02760087926321e-322,  0, 9.61208401266328e+281, 7.06327793309549e-304, 2.52435489670724e-29,  2.01158418039791e+131, -8.63956971416238e+304, 4.94065645841247e-324,  -1.38814793024712e-284, 1334068.00000001, -5.48612406879384e+303,  NaN, 1.65780916228505e-316, 4.63650767454141e-68, 1.01522935857838e-314,  9.76118063844025e-313, 0, 2.08365066288623e-268, 8.91238629355143e-313 ))
result <- do.call(ggforce:::enclose_points,testlist)
str(result)