testlist <- list(id = c(-8716289L, -16776961L, 0L, 0L, 0L, 33554684L, -16777214L,  0L, 4259840L, 0L, -1455588742L, 2054846976L, 1023475456L, 0L,  -16777155L, -1979056384L, 44L, 167721507L, 844824576L, 14883L,  844890111L, 1073707642L, 2054815744L, 65402L, 2063563386L, 2049114112L,  0L, 4063231L, -255L, 0L, 61L, -16777193L, 65535L, -65280L, 0L,  52644L, -8719254L, 587268352L, 0L), x = c(1.90359856625529e+185,  7.29111993354965e-304, NaN, 2.52467545024877e-321, 0, 0, 0, 9.61235670663551e+281,  3.96573944649364e-317, 0, 4.53801546776667e+279, 9.80104716176339e+281,  2.88109526018606e+284, 7.06327445644536e-304, 7.06327445867522e-304,  4.47602922001302e-317, 0, 0, 1.39058635877473e-309, 5.41818101005103e-308,  3.56591235705015e-67, 0.00756740570068367, 2.52467545024877e-321,  -3.97692011408968e-282, 3.55693274316461e-310, NaN, 2.11370687089355e-314,  9.5088818298453e+281, 1.01522935857838e-314, 0, 0, 2.35665861844352e-306,  4.53802412334407e+279, 2.72846218802522e-310, -7.95487989975085e+304,  9.43907217312373e+281, 0, 1.62604005260733e-260, 7.29044406736513e-304,  6.05127749275618e-307, 4.77830971783619e-299, -8.77779581553461e+304,  1.01522935857838e-314, 3.96580515722454e-317, 1.390671161567e-309,  1.38940990052625e-312, 1.38784882427456e-309), y = c(3.47776224551528e-308,  2.12199579047121e-314, NaN, -3.32990084438013e+221, 1.68219471096028e-319,  0, -1.1031304526204e+217, NaN, NaN, 7.06327578736091e-304, NaN,  2.03711628185272e-312, 9.80070082002747e+281, 1.68709267713117e+161,  0, 1.2925060613582e-309, NaN, 1.15164449648545e+164, 3.30378967187535e-304,  1.38526007197625e-309, NaN, -5.48612406887321e+303, 0, 0, 3.40967176794437e-304,  2.78136354179675e-309, 0, 0, -1.1031304526204e+217, -1.94906452984376e+289,  -1.75204598749771e-207, 4.84340309448814e-317, 8.89394373694577e-138,  1.3894278241607e-312, 5.0488521031109e-312, 6.05029551273077e-307,  0, 0, 0, NaN, NaN, 6.65340712760765e-310, 2.59903006783867e-312,  1.3852389349088e-309, -1.07567487554541e-204, NaN, 5.43230922486616e-312,  0, 1.9443321188538e-307, -1.18483135748229e+306, 3.10839227192179e-317,  2.11373912349891e-314, 4.6289875478106e-299, -1.17207610589313e+217,  5.04881472170888e-312, 2.01158337077278e+131, -4.65373580032829e+129,  -4.65373580032827e+129, -4.65373580032827e+129, -4.65373580032827e+129,  -4.65373580032827e+129, -4.65373580032827e+129, -4.65373580032827e+129,  -4.65373580032827e+129, -4.65373580032827e+129, -4.65373580032827e+129,  -4.65373580032827e+129, 2, 6.62773097686426e-310, 3.5664858185054e-67,  NaN, 4.95733700382567e+279, NaN, 1.44525669532981e-137, 1.39135333517477e-308,  1.18216547662087e-11))
result <- do.call(ggforce:::enclose_points,testlist)
str(result)