testlist <- list(id = c(-8750592L, 0L, -10066330L, 1717986918L, 1717986918L,  -1536792986L, 1717986918L, 1717986918L, 1717986918L, 1728053247L,  255L, -3073L, -65280L, 0L, 0L, 0L, 0L, 0L, 0L, 0L, 0L, 0L, 0L,  0L, 41581311L, 2055405701L, 587202560L, 878392385L, 2046820352L,  255L, -16711680L, -16776961L, 2054830627L, 844824576L, 65406L,  1073676544L, 0L, 65402L, 2063563395L), x = c(8.81442968514032e-280,  3.96580515722454e-317, 5.66820796571085e-139, 5.31468269165811e+303,  6.46628176620565e-319, 9.45655948875359e-308, -6.76355745851738e-292,  1.94442099758388e-307, 1.75711360908703e+161, 1.81461053633192e-306,  NaN, 5.66820796575973e-139, 5.31468269165811e+303, 2.01158338396797e+131,  9.80137376954678e+281, -2.84170252138622e-259, 1.24943115408679e-310,  1.93517209884665e-312, 9.80210924479443e+281, 4.8780170556261e-42,  Inf, 1.47154785030934e-71, 6.65340795483298e-310, 0, 1.37929726412743e-312,  -Inf, -1.075675315164e-204, NaN, 7.74860418559503e-304, 2.01158337738344e+131,  9.6127653635026e+281, 2.35683859298837e-306, 5.41108926696144e-312,  4.67056910669131e-306, 0, 0, -3.38043295900995e+221, -5.48612408922985e+303,  2.12186652758222e-314, -1.07556276968195e-204, NaN, 1.25986739689518e-321,  0, 0, 1.29250613839639e-309, 1.08647013351435e-311, 5.38787993799776e-315,  9.61276117442281e+281, 2.11568192943894e-314, 6.0512775059687e-307,  4.66602416025939e-299, -5.48612406879369e+303, 3.61247587838313e-67,  -1.10313072169857e+217, -1.94906452984376e+289, NA, 2.77725739802214e-309,  2.8810952601757e+284, 2.01158338396797e+131, 7.7486041854894e-304,  0), y = c(0, 0, 6.65351697366701e-310, 1.39067116156574e-309,  0, 0, 0, 7.28756885473859e-304, -1.0755630854204e-204, 4.53801835863293e+279,  3.77083079032971e+131, 1.93517209910357e-312, 1.0848661711024e-311,  9.80069805032717e+281, 1.73351767503076e-56, 8.28152835559097e-320,  1.39684616931871e-309, 1.01522941836032e-314, 0, NaN, 1.65780916228505e-316,  NaN, NaN, -7.95487989975085e+304, 4.24399158143648e-314, 8.95248804250339e-310,  3.15073964675712e-310, 4.65348572666197e-299, -8.77779581553461e+304,  1.01522935857838e-314, 3.96580515722454e-317, NaN, 7.74671061829798e-307,  2.46975282501929e-312, -1.47145619429167e-101, 2.35665861591536e-306,  1.10244312577493e-314, 0, 5.4319779639592e-312, 1.92740795450497e-310,  2.01158371685115e+131, -8.63956971416238e+304, 4.94065645841247e-324,  0, 0, 0, 5.43197831061048e-312, -1.07567531222559e-204, 3.96573944649364e-317,  0, 0, 0, 0, 5.0488521031109e-312, 8.32142316836136e-317, 27477433.348877,  9.94889291609714e+86))
result <- do.call(ggforce:::enclose_points,testlist)
str(result)