testlist <- list(id = c(2118123519L, 2054881146L, 2054824754L, 1530362433L,  -16645889L, 0L, 0L, 976321146L, 2054847098L, 0L, 0L, 0L, 16640L,  0L, 8026746L, 2054815805L, -6974059L, -1785384357L, 0L, -1L,  16843009L, 16843009L, 16857635L, 844840959L, 1073707642L, 2054815744L,  14883L, 844890111L, -8750470L, 2054847098L, 293929021L, 590502656L,  0L, 0L, 0L, 0L, 237L, -303234820L, -16777216L, 16711682L, -50397184L,  2L, -1248525931L, -1785388236L, 1530167551L, NA, 0L, 0L, 0L,  0L, 0L, 237L, -303174163L, 252L, -16777214L, 16777215L, -1L,  16777216L), x = c(NaN, NaN, 1.7588239401458e-264, -2.35787273627248e-259,  NaN, NaN, NaN, NaN, NaN, NaN, NaN, Inf, NaN, NaN, NaN, NaN, NaN,  3.56648864840511e-67, 0.00756740570068367, 2.52467545024877e-321,  6.65340673257969e-310, NaN, 1.25215997282006e-319, 2.11568192943894e-314,  9.61349796618077e+281, 9.80069528054249e+281, 1.38523910101351e-309,  1.47154785030934e-71, 6.65340712592837e-310, 0, 0, 2.35665861844352e-306,  7.7460383700315e-307, 0, 3.05245027818479e-05, NaN, NaN, NaN,  NaN, NaN, NaN, 2.781342323134e-309, NaN, 6.05127749912596e-307,  4.66602416025939e-299, -5.48612406879369e+303, 1.55498017282131e-57,  5.42744864273861e-315, 0), y = c(1.29250613839639e-309, 1.08647013351435e-311,  5.38787993799776e-315, 9.61276117442281e+281, 2.11568192943894e-314,  6.0512775059687e-307, 4.66602416025939e-299, -5.48612406879369e+303,  3.61247587838313e-67, -1.10313072169857e+217, -1.94906452984376e+289,  4.95380083183024e-310, 2.77725739802214e-309, 2.8810952601757e+284,  3.56611079577888e-67, NaN, NaN, NaN, NaN, NaN, 1.08646184497373e-311,  NaN, -5.48612657197659e+303, 2.12199579047121e-314, 0, 0, 0,  5.43197831061048e-312, -1.07567531222559e-204, 9.61208401271974e+281,  5.50120860895793e-139, 5.31468269165811e+303, 6.46628176620565e-319,  2.88126895336084e+284, -4.19211448212041e-282, 3.55693274316461e-310,  NaN, NaN, 9.50997866463853e+281, 1.656120396501e-316, 0, 2.35683907574241e-306,  4.67371326865588e+279, 2.90432989938102e+284, 3.03288323113658e-317,  NaN, 9.2860240325952e+242, -5.48672258748406e+303, 2.35683859298837e-306,  5.41108926696144e-312, 4.77830799117887e-299, 3.64556099891358e-303,  7.36058999174289e-320, 0, NaN, NaN, NaN, NaN, NaN, 2.781342323134e-309,  NaN, 2.01158338396686e+131, -5.48612407857175e+303, 6.65340673090352e-310,  6.60134380130877e-307, NaN, 1.71455186358054e+161, 6.21436114856153e-310,  6.65351697366701e-310, 2.88109526569364e+284, 7.06327445644536e-304,  4.53911905391043e+279, NaN, NaN, NaN, NaN, NaN, NaN, NaN, 7.61195538500634e-315,  4.23775848086875e-314, -1.16220042600563e+306, 5.29954751359639e+280,  6.6889350695292e-198))
result <- do.call(ggforce:::enclose_points,testlist)
str(result)