testlist <- list(id = c(-1L, 255L, -1L, -16711680L, -16777216L, 65280L, 4033024L,  0L, 975385179L, -65281L, 2054816826L, 590502656L, 255L, 2113929216L,  0L, 237L, -303174163L, 252L, 255L, 2118123265L, 0L, 255L, 2054881146L,  -2088426700L, 1530165825L, 3635777L, 255L, 2054881146L, 2054824754L,  1530362433L, 0L, 0L, 0L, 0L, 0L, -16777216L, 0L, 0L, 2559L, 975385179L,  0L, -8503297L, 16777216L, 122L, 2054815744L, 0L, 0L, 1056964608L,  0L, 0L, 0L, 0L, 0L, 0L, 0L, 0L, 0L, 0L, 0L, 0L, 0L, 0L, 0L, 0L,  0L, 0L, 0L, 0L, 0L, 0L, 0L, 0L, 0L, 0L, 0L, 0L, 0L, 0L, 0L, 0L,  0L, 0L, 0L, 0L, 0L, 0L, 0L, 0L, 0L, 0L, 0L, 0L, 0L, 0L, 0L, 0L,  0L, 0L, 0L), x = c(-8.01058046642972e-113, -1.0482539282707e-255,  NaN, NaN, NaN, NaN, NaN, NaN, 5.66820796575973e-139, 5.31468269165811e+303,  6.46628176620565e-319, 9.80137376954678e+281, -2.84178191467449e-259,  1.24943115408679e-310, 1.93517209884665e-312, 9.80210924479443e+281,  4.8780170556261e-42, 1.38523910077254e-309, 1.47154785030934e-71,  6.65340712592837e-310, 0, 1.37929726412743e-312, 9.61276248011331e+281,  -1.075675315164e-204, NaN, 7.74860418559503e-304, 2.01158337738344e+131,  9.6127653635026e+281, 2.35683859298837e-306, 5.41108926696144e-312,  4.67056910669131e-306, 0, 0, -3.38043295900995e+221, -5.48612408922985e+303,  2.12186652758222e-314, -1.07556276968195e-204, NaN, 1.25986739689518e-321,  0, 0, 1.29250613839639e-309, 1.08647013351435e-311, 5.38787993799776e-315,  9.61276117442281e+281, 2.11568192943894e-314, 6.0512775059687e-307,  4.66602416025939e-299, -5.48612406879369e+303, 3.61247587838313e-67,  -1.10313072169857e+217, -1.94906452984376e+289, 4.95380083183024e-310 ), y = c(NaN, NaN, NaN, NaN, NaN, 2.01158506305024e+131, -8.63956971416238e+304,  4.94065645841247e-324, 8.89394373694577e-138, -5.67130187973136e+303,  2.5243551129982e-29, -5.48612407607418e+303, 2.92556072109438e+284,  27489715.1336617, 2.11370712385516e-314, 9.5088818298453e+281,  1.01522935857838e-314, 0, 2.10464060078038e-317, 7.31789356780358e-15,  2.06112653810805e+131, NaN, 7.74860418548935e-304, NaN, 6.65340712760765e-310,  2.59903006783867e-312, 8.25666697229224e-317, 2.9334105108876e-312,  0, 0, -2.06228041419356e+289, 5.07578750513465e-299, 4.77830972680601e-299,  1.55998058631313e-57, 7.29112201277686e-304, 0, 0, -1.1031304526204e+217,  -1.94906452984376e+289, 1.65782181036559e-316, 8.22125234679834e-320,  2.35665861844851e-306, 1.73672818084122e-264, 1.93517210010652e-312,  1.0848661711024e-311, 9.80069528054233e+281, 4.8780170556261e-42,  -3.38043295901667e+221, 7.28756190143209e-304, 7.55890019503424e-315,  4.23775848086875e-314, -1.16220042600563e+306, 6.05127749910136e-307,  4.66602416025939e-299, 2.01148521715671e+131, 9.8010498129163e+281,  5.45181771600491e-27, -5.48612407607418e+303, 1.65537435737578e-316 ))
result <- do.call(ggforce:::enclose_points,testlist)
str(result)