testlist <- list(id = c(723723L, 185273103L, 185273099L, 185273099L, 184549376L,  0L, 2048L, -1L, 1879113472L, 65535L, -1L, -16053493L, 185273095L,  1929409536L, -150994945L, -1761673216L, -75L, 185273099L, 185273099L,  -1257567477L, 185273088L, 128L, 0L, 0L, 0L, 0L, 1L, 0L, 0L, 16777217L,  0L, 0L, 0L, 0L, -2130706432L, 0L, 0L, 0L, 0L, 0L, 0L, 0L, 0L,  1L, 0L, 46486L, 0L, 0L, -1254031360L, 16777216L, 65536L, 0L,  0L, NA, 16777215L, 16777216L, 0L, 0L, 0L, 28672L, 16640L, 4915094L,  0L, 4849664L, 0L, 0L, 0L, 115L, 1885692777L, 1634467840L, 16777216L,  0L, 0L, 0L, 524543L, -65536L, 256L, 16777216L, 150929408L, 46591L ), x = c(NaN, NaN, NaN, 4.99006302299659e-322, Inf, 0, 3.23790861658519e-319,  7.29112203554638e-304, -2.74348237092355e-199, 1.45545889527584e-314,  -9.71430275522404e+304, 1.38241720848785e+306, 1.38241720848787e+306,  1.38241720848787e+306, 1.38241720848787e+306, 1.36245202090989e+306,  1.38241720848787e+306, 1.38241720848787e+306, 1.38241720848787e+306,  1.38233182395886e+306, 2.80341854612233e-306, 8.81549323700636e-280,  0, 7.29290205164039e-304, 3.19148121630456e-312, 1.62521610172665e+265,  1.4498629609585e-306, 7.29112200597583e-304, 2.04711276639764e-306,  -5.63652376842703e+303, 1.39067116124321e-309, 2.12202816955737e-314,  7.1071553048134e-15, -5.48612408923078e+303, -4.70210606571374e+305,  1.65897455175445e-24, Inf, 1.80107066510499e-255, 2.56808656582434e+202,  2.02255961685588e-314, NA, NaN, -2.08809742975965e-53, -1.02078733715227e-202,  1.414972389488e-316, -6.6126496516758e+263, 2.52518567634711e-312,  7.2911220195564e-304, 2.27597133947581e-305, 7.29038496378792e-304,  -9.92417138941017e-263, 1.50903005154446e+161, -1.02078715615408e-202,  1.414972389488e-316, -6.6126496516758e+263, 7.29038496378772e-304,  -9.92417138941017e-263, 1.50903005154446e+161, 3.19148136102133e-312,  1.62521610172665e+265, 1.4498629609585e-306, 1.4240472694281e-305,  1.08857555171913e-311, NaN, NaN, NaN, 1.39064994193288e-309,  8.17019191373973e-310, 1.8010707049722e-255, 4.43606128552705e-317,  -6.82909194373291e+263, 2.52518567634711e-312, 1.38524816011645e-309,  5.01264986512293e-304, 9.86400654823089e-315, -5.48745823154157e+303,  7.29023200359377e-304, 1.26480805335359e-321, 0, NaN, 9.77808980311583e-150,  4.96910556695671e+49, NaN, 7.29290205148207e-304, 0, 0, 0, 8.28904605845809e-317,  1.24921752336473e-314, -4.70210606571374e+305, 3.73396625502737e-312,  0), y = c(2.12202804357063e-314, 2.84809997119828e-306, 2.37392978981625e-309,  0, 4.7282819653041e-308, 8.15193288933846e+232, NaN, 1.61222716666414e+265,  1.4498629609585e-306, 7.2928951252876e-304, 4.77830744826085e-299,  3.62232931708927e-314, -2.08809742975953e-53, 2.73538641469266e-315,  7.06343786030674e-304, 1.34021010165784e-309, NaN, 1.1953096300607e-253,  7.31077945637383e-304, -2.63554948580771e-82, 1.45858056803233e-314,  131072, -7.93598990541066e-306, 5.52721119315519e-319, 1.39064994160909e-309,  9.77809879828247e-150, NaN, 3.32391062355678e-318, 1.82630582989035e-255,  NaN, -1.36845553156682e-48, 8.18029378064324e-310, 1.50033360023384e-314,  NaN, NaN, NaN, 3.53100182508342e-310, 8.15022326179546e-310,  3.62232939119912e-314, -2.08809742975953e-53, 6.46447533146075e-310,  1.08857555171913e-311, 1.04354872409353e-308, 4.94065645841247e-324,  0, 1.390671161567e-309, 5.4323092248711e-312, 0, 1.390671161567e-309,  0, 0, 0, 2.12202817005144e-314, 1.94011189919383e-307, NaN, 7.29112898667451e-304,  0, 0, 0, -1.47467015387732e+307, -7.83226317737261e-306, 2.99105553429701e-305,  0, 2.12199579096527e-314))
result <- do.call(ggforce:::enclose_points,testlist)
str(result)