testlist <- list(id = c(0L, 256L, 0L, 0L, 0L, 65536L, 0L, 16777216L, 0L,  0L, 0L, 65536L, 0L, 0L, 0L, 0L, 0L, 0L, 65537L, 8L, -16776705L,  -1358954496L, 0L, 1L, 0L, 46486L, 0L, 0L, 4278896L, 16758016L,  -65281L, -1L, -1L, -1918987521L, 0L, 255L, -16777216L, 1572864L,  0L, 8388608L, 0L, 1572864L, 0L, 8391435L, 185273095L, 0L, 0L,  184549375L, -1L, 1929409536L, 0L, 1936745827L, 1767992320L, 65536L,  0L, 0L, 0L, 2048L, -256L, 185297931L, 185273099L, 999686155L,  16315497L, -65292L, -184549377L, -1L, -62661L, -1778382080L,  185273099L, 185273095L, 1929409536L, -150994945L, -245L, 185273099L,  185037568L, 1946220287L, -256L, 0L, 8388608L, 0L, 0L, 0L, 0L,  65535L, 1888897783L, 0L, 65536L, 0L), x = c(1.80124443716468e-255,  1.80107070497287e-255, 1.80107070497287e-255, 1.80107070497875e-255,  -1.72508297311234e-202, NaN, 7.16069594765841e-304, 3.23795802314978e-319,  8.81442566340249e-280, -5.48612406879369e+303, 1.80116927968994e-255,  1.06565867860496e-255, 1.80107070497287e-255, -5.50091508956427e+303,  5.43230922486616e-312, NaN, 3.23785921002061e-319, 6.32404026676796e-322,  1.80107070497287e-255, 8.28904605845809e-317, 1.06099789548264e-314,  0, 7.2911220195564e-304, 0, 2.25621402792443e-305, -1.90484339946204e-79,  0, 5.30687917408071e-304, 0, 0, -2.17781040937006e-53, 1.80107137981527e-255,  2.84809453889101e-306, 2.11370674490681e-314, NaN, NaN, NaN,  1.82630583254196e-255, -2.63613140368462e-265, 2.20727326763914e-305,  -7.83225999653115e-306, 5.52721119315519e-319, 5.17374173580094e-304,  9.86400654823089e-315, -5.48745823154157e+303, 4.99555157976955e-308,  131072.000226974, -5.48612668481652e+303, 3.23790861658519e-319,  2.71619097092899e-312, 8.28917204519778e-317, NaN, -3.65386591756202e+255,  3.67113203315885e-312, 8.28904605845809e-317, 0, 2.12199579096527e-314,  3.78576699573389e-270, 1.39067116156826e-309, NaN, 3.23785921002061e-319,  1.80107070497287e-255, 1.6189543082926e-319, 0, NA, 4.14452302922905e-317,  7.2911220195564e-304, 0, 0, 0, 8.28904605845809e-317, 2.73729167988462e-312,  0, 4.73456299461914e-299, 2.95239488224781e-306, 2.15906687232625e-321,  1.34018888169994e-309, 3.85312755790269e-317, NaN, 1.25986739689518e-321,  4.72828603925969e-308, -7.18532093295811e-200, -2.53729200701083e+260,  3.13274103198938e-305, 0, 5.4323092248711e-312, NaN, NaN, -7.02223880805592e+306,  -1.05658906227133e+270, -1.47467015387732e+307, NaN, 2.12199579047121e-314,  8.28904605845809e-317, 1.06099789548264e-314, 0, 0), y = c(0,  7.26276499386632e-322, 0, 0, 1.95985359885676e-300, 1.24823274381439e-314,  -8.44375594553428e-227, NaN, NaN, NaN, -4.53264900954583e+306,  NaN, 0, -5.82900682309329e+303, NaN, NaN, -1.1217787919439e-180,  -5.636140485373e+303, 0, 131072, NaN, 1.39067116124321e-309,  0, 7.2911220195564e-304, 2.99049926583368e-305, 1.390671161567e-309,  4.94065645841247e-324, 3.25938553492266e-311, 7.2911220195564e-304,  NaN, NaN, NaN, NaN, NaN, NaN, NaN, 3.0007258743084e-252, 1.25871695294069e+246,  NaN, 1.80124443716468e-255, 5.88863341413685e+250, 0, 4.96910556695671e+49,  NaN, 1.80107070497226e-255, 1.80107070497287e-255, 1.3967235807932e-320,  NaN, -5.48612928036714e+303, 1.86479768467319e-255, 5.88863341413685e+250,  NaN, -2.45797330729611e+255, 0))
result <- do.call(ggforce:::enclose_points,testlist)
str(result)