testlist <- list(id = c(65717L, 26646166L, 0L, 65536L, 46591L, -63744L, 16777216L,  0L, 0L, 0L, 0L, 0L, 1L, 0L, 46486L, 0L, 185316619L, 185273269L,  16777216L, 0L, 0L, 0L, 0L, 0L, 0L, 256L, 0L, 11900416L, 0L, 181L,  1090519040L, -150994945L, -16768768L, 1996488704L, 4278896L,  16711680L, -1L, 723723L, 185273103L, 185273099L, 26646166L, 184549376L,  0L, 2048L, -1L, 1879113472L, 65535L, -1L, -16053493L, 185273095L,  1929409536L, -150995189L, 185273343L, -16711681L, -75L, 185273099L,  185273099L, -1257567477L, 185535243L, 185273099L, 1828716543L,  185273099L, 185272179L, 7602422L, -1L, 16777215L, -19189L, 185273099L,  185273269L, 185273099L, 185270272L, 32768L, 0L), x = c(7.77224548785782e-318,  NaN, NaN, NaN, -1.1217787919439e-180, -5.636140485373e+303, 3.08613165018276e-319,  2.32210853545386e-322, 7.29112201955619e-304, -5.48612406879369e+303,  1.390671161567e-309, -5.72180885421155e+303, -2.80026924721483e-82,  -1.01366001458687e-262, 1.78724985886287e+209, -7.83226317342671e-306,  5.52721119315519e-319, -1.52431957251433e+307, -2.46006449449991e+260,  -8.51457865868895e-137, -5.27735271320721e-137, -5.33674999253232e-79,  2.9910555342879e-305, -5.63652376842703e+303, 1.39067116124321e-309,  6.46447533146075e-310, 7.06366485279595e-304, -5.48746345455236e+303,  1.78462366092974e+185, 5.17374173580107e-304, -Inf, -5.48745823154157e+303,  1.33634815220875e-309, 131072.000226975, NaN, 1.39064994193288e-309,  1.80107070497287e-255, -1.72508297311234e-202, NaN, 1.25986739689518e-321,  7.29023281844036e-304, NaN, 1.84554614607584e-255, 1.80107070497289e-255,  4.43606128552705e-317, -5.72180885421125e+303, NaN, 9.15586956033688e-316,  9.27316324146974e-312, 0, 2.0471127663977e-306, -5.30291667857429e-79,  -1.01374299456986e-262, 1.4605861269544e+243, -2.08809743432955e-53,  6.46447533146075e-310, 7.06366485279595e-304, -2.46066371580889e+260,  1.06850984347311e-317, 1.26297481130463e-306, 1.26480805335359e-321,  0, 7.77224548785782e-318, 131072.000226975, NaN, 9.77808980311583e-150,  4.96910556695671e+49, NaN, 5.43222633567038e-312, 0, 1.26480805335359e-321,  4.94065645841247e-324, 0, 1.26480805335359e-321, 0), y = c(1.26480805335359e-321,  0, 7.2911220196625e-304, 7.07039469279248e-304, 7.07039469279269e-304,  9.76362386952403e-275, NaN, -1.38842186721701e-309, 3.15265152327232e-306,  1.80106049879436e-255, 0, 7.2911220195564e-304, 0, 0, 4.94065645841247e-324,  0, 0, NaN, 4.19992112790029e-317, 0, 0, 2.37391913126867e-309,  3.13151306937625e-294, NaN, 1.25986739689518e-321, 0, 0, -8.22918610327037e+303,  -1.51581681685358e+307, -2.46006449449991e+260, 7.2911220195564e-304,  6.76869934802508e-322, 0, 7.29112200597562e-304, 1.25986739689518e-321,  0, 7.2929020786432e-304, -5.83034114037589e+303))
result <- do.call(ggforce:::enclose_points,testlist)
str(result)