testlist <- list(id = c(0L, 0L, 65535L, -65281L, 0L, 0L, 0L, 65536L, 256L,  0L, 0L, 0L, 0L, 0L, 0L, 0L, 0L, -1258225514L, -1768554496L, 768L,  181L, -1L, -1L, -1L, -1257567380L, 185273099L, 185273147L, 0L,  16777472L, 16777215L, -16711681L, -1L, -1L, -1L, -1L, -1L, -93L,  -1L, -1L, -134217984L, -1347440715L, 16812425L, -1987475063L,  -1988663967L, 1802659174L, -1778384746L, -2147437311L, 0L, 0L,  46582L, 65535L, 738197248L, -1347440715L, 16812425L, -1987475063L,  -1988663967L, 1802659142L, -1778384896L, 11924992L, 2162807L,  0L, 1095397376L, -16776961L, -256L, 16121856L, 553678592L, 65L,  1241513984L, 0L, 16777215L, -256L, 0L, 255L, -1L, -65536L, -156258385L,  -1347092224L, -1768509521L, -1L, 62976L, 2162807L, 0L, 1095397376L,  -16776961L, -256L, 16776960L, 65536L, 0L, 16711680L, 1023475711L ), x = c(Inf, 4.72828603925969e-308, 7.06327445644536e-304, 7.29112200597562e-304,  1.91374883209648e+214, 1.91374883209651e+214, 1.91374883209651e+214,  1.91374883209651e+214, 1.91374883209651e+214, 1.91374883209651e+214,  1.91374883209651e+214, 1.91374883208989e+214, 1.91374883209651e+214,  1.91374883209651e+214, 1.91374839697497e+214, 1.91374883209651e+214,  1.91374883209651e+214, 1.91374883209651e+214, 1.91374883209651e+214,  1.91374883209651e+214, 1.91374883209651e+214, 1.91374883209651e+214,  1.91374883209651e+214, 1.91374883209651e+214, 1.78844620918222e+212,  5.44129650116015e-312, 0, 1.94274516995112e-318, 8.28957496193662e-302,  NaN, 2.7961948547414e-24, -5.69611296864916e+305, 7.90062301120756e-317,  5.94459785076188e-320, NaN, 0, 7.2911220195564e-304, 2.27597133947581e-305,  7.29038496378792e-304, -9.92417138941017e-263, 1.50903005154446e+161,  -1.02078715615408e-202, 1.414972389488e-316, -6.6126496516758e+263,  7.29038496378772e-304, -9.92417138941017e-263, 1.50903005154446e+161,  3.19148136102133e-312, 1.62521610172665e+265, 1.4498629609585e-306,  7.29112200597583e-304, 2.04711276639764e-306, -5.63652376842703e+303,  1.39067116124321e-309, NaN, -6.61264965171888e+263, 2.52518567634711e-312,  1.38524816011645e-309, 5.01264986512293e-304, 9.86400654823089e-315,  -5.48745823154157e+303, NaN, 1.26480805335359e-321, NaN, NaN,  NA, 3.69835309522694e-318, -1.02078733715227e-202, 0, 1.06604277125335e-255,  -2.63613140368462e-265, 2.20727326763914e-305, -7.83225999653115e-306,  5.52721119315519e-319, 0), y = c(1.39069229863445e-309, 1.39064994193288e-309,  4.94065645841247e-324, 7.29023281844036e-304, NaN, 1.84554614607584e-255,  1.80107070497289e-255, 4.43606128552705e-317, 9.55895361287007e-310,  9.27316324146974e-312, 8.180418109862e-310, 9.71372584975558e-319,  1.34018888169994e-309, 9.86400744248971e-315, -5.48745823154157e+303,  4.99555157976955e-308, 131072.000226974, -5.48612668481652e+303,  -5.48612406887352e+303, 1.42422110338125e-306, 1.25986739689518e-321,  3.78576699578877e-270, 5.43230922486616e-312, 9.44987470218809e-310,  8.25666697229224e-317, 5.43230922486616e-312, 0, 0, 0, 8.15193288933833e+232,  7.292841524416e-304, 0, 0, -1.47494445589518e+307, -2.46006449449991e+260,  -8.51457865868895e-137, -5.27735271320721e-137, -5.33674999253232e-79,  -1.47494445589005e+307, 7.29023200359377e-304, 1.26480805335359e-321,  0, 7.2911220195564e-304, 0, 0, 4.94065645841247e-324, 0, 0, -Inf,  3.25050729055415e-319, 1.26297481130463e-306, 0))
result <- do.call(ggforce:::enclose_points,testlist)
str(result)