testlist <- list(id = c(0L, 0L, 0L, 0L, 65536L, 0L, -1248460800L, 0L, 46401L,  723723L, 1812663051L, 185285526L, 721144L, -194379777L, 16053503L,  0L, 0L, 1248870656L, -1761673088L, -1761607681L, -4884735L, 5703424L,  16777216L, 1258160128L, 0L, 46401L, 16776961L, 0L, 255L, -65536L,  0L, 100608L, 0L, 0L, 0L, 0L, 16777215L, -16711936L, 0L, 0L, -1258225514L,  -1768554496L, 768L, -1258227969L, -6052957L, -1549553745L, 1L,  0L, 0L, 0L, 16777216L, -1241579264L, 0L, 0L, 0L, 256L, 0L, 11862016L,  0L, 65537L, 0L, 0L, 0L, 100663296L, 0L, -1241579264L, -1768554496L,  -1769996107L, 16777216L, 0L, 181L, -167772127L, 0L, 0L, 788594432L,  1536L, 65535L, -63629L, 7648513L, -1768516096L, 246L, -1L, 2162807L,  0L, 1095397376L, -16777035L, -16711530L, -1778384896L, -156258385L,  -1347440721L, -1549556829L, -1549556829L, -1549556829L, -1549556817L,  -1347440641L, -65355L, -2L, -1869574000L, -46464L), x = c(1.91561851264384e+53,  NaN, NaN, NaN, NaN, NaN, NaN, NaN, NaN, NaN, NaN, 3.0007258743084e-252,  1.80107070497875e-255, 2.79619478693014e-24, 1.80112558144248e-255,  3.20415472833363e-312, NaN, 8.28904556439245e-317, NaN, -5.3448686194692e-79,  -5.32814935244648e-79, 1.38523885234339e-309, 1.06099789548264e-314,  0, 0, 0, 2.15096566077973e+51, 1.22034214522788e-321, 0, 1.26480805335359e-321,  8.94258818972656e-322, 3.23795802314978e-319, NaN, 1.42024110553525e-319,  8.28904605845809e-317, -1.3684555315672e-48, 9.76362385565793e-275,  NaN, 1.84554614607584e-255, 1.69350480443231e-306, 3.03046662401527e+48,  -2.6134772219867e-200, 1.04393280533169e-308, NaN, 1.80107070481714e-255,  -1.08718253822693e-202, 7.4109846876187e-322, 2.03491651015052e+236,  NaN, 1.80107167736941e-255, -2.52973392479783e+260, NaN, 1.80107070762381e-255,  1.80107137981582e-255, 2.8450115433002e+212, NaN, 3.75268055364365e-318,  NaN, 5.41112585532387e-312, -2.46301375438576e+255, 1.43403594998177e-314,  3.23790861658519e-319, 2.12202817005144e-314, NaN, 4.56807700842027e+257,  5.38531553966959e-322, NaN, 3.0007258743084e-252, -3.52929408716218e-53,  1.80107070497287e-255, 1.80107109003032e-255, 1.79819800174487e-255,  NaN, 1.89132604854329e+219, 1.19530963259136e-253, Inf, 1.25289288734831e-312,  5.66664413261042e-312, 8.18687196112312e-310, NaN, NaN, NaN,  NaN, NaN, 5.43230921474769e-312, 0, 0, 0, -5.63652376842703e+303,  -7.51064519760549e-200, NaN, -1.03211274746279e-262, -9.14342136037602e-201,  2.37392978981625e-309, 0, 0), y = c(9.77808980311583e-150, -5.63652376842703e+303,  NaN, 7.29290205148207e-304, 3.19148121630456e-312, -Inf, 1.4498629609585e-306,  7.29112200597583e-304, 2.04711276639764e-306, -5.63652376842703e+303,  1.39067116124321e-309, 2.12202816955737e-314, 1.80107066116632e-255,  -5.63652376842703e+303, 1.80107070497287e-255, 1.80107070497287e-255,  1.80107072085153e-255, 2.34334907739324e-313, 2.12199579096527e-314,  3.19799685981372e-312, 1.96997261730725e-307, NaN, 8.31193957828944e-317,  NaN, 1.25986739689518e-321, 0))
result <- do.call(ggforce:::enclose_points,testlist)
str(result)