testlist <- list(id = c(1090519040L, 46591L, 16777471L, -1L, -1L, -2080374785L,  -134217729L, -1257567477L, 185273099L, 185273099L, NA, 185285526L,  721144L, -194379777L, 16053503L, -1L, -1L, 188454400L, 184552203L,  185273099L, 0L, 1946220287L, -256L, 0L, 0L, 16777216L, 0L, 0L,  0L, 0L, 0L, 0L, 0L, 1040187391L, -1L, -1L, -1L, 50378239L, 16053503L,  0L, 0L, 1248870656L, -1761673088L, -1761607681L, -4914763L, -16777216L,  0L, 0L, 0L, 0L, 0L, 0L, 16714L, 1879113622L, 1257701376L, 3080447L,  16777215L, -125L, -9L, -75L, 185273099L, 185273099L, 185273196L,  185273099L, 188454400L, 184613108L, 1778384640L, -185270273L,  -1L, -245L, 999686155L, 723723L, 185273088L, 65537L, 0L, 0L,  0L, 256L, 0L, 32768L, 0L, 0L, 0L, 0L, 256L, 0L, 65280L, 19056L,  1090557695L, 38655L, -134217729L), x = c(2.12199579096527e-314,  1.50031733658092e-314, 5.43239211533168e-312, 0, 1.94274516995112e-318,  2.12199579096527e-314, NaN, NaN, NaN, 0, 0, NaN, 5.43222633441051e-312,  NaN, 1.80107070497291e-255, NaN, 6.46447533468646e-310, 7.06366485279595e-304,  1.79845792329036e-255, 1.80107476990923e-255, 4.77698842995001e+180,  3.78576699573376e-270, -5.63747465955844e+303, NaN, 1.80107070498771e-255,  1.45487510730872e-319, 0, 1.390671161567e-309, 7.06327445644526e-304,  8.17019191373973e-310, 4.72828603925969e-308, 8.15193288933846e+232,  3.22526053605166e-319, 1.13563168909492e-314, 0, NaN, 5.45344661610609e-312,  1.38523885234213e-309, 2.12196344201711e-314, NaN, 1.82630583254196e-255,  -2.63613140368462e-265, 17080320, NaN, -5.49684961879372e+303,  -1.3684555315672e-48, 2.12619571209317e-314, 1.34018888169994e-309,  131072.000226975, NaN, 1.84486314390307e-310, 4.96910556695671e+49,  7.06327446323574e-304, NaN), y = c(NaN, 7.2911220195564e-304,  0, 0, 1.3924111981156e-309, -1.67325765754955e-77, 0, NaN, NaN,  NaN, 1.72922976044436e-322, 1.7846816059711e+161, 8.28909941754785e-317,  -1.47467014969174e+307, NaN, 1.80124443716468e-255, 2.34334907739324e-313,  4.97342763507486e-316, NaN, NaN, 1.80116927968994e-255, 1.06565867860496e-255,  1.79819776827898e-255, 1.13219859046744e-255, 9.15370733144442e-316,  0, 0, 0, -5.8276697322516e+303, 1.8010707087713e-255, NaN, 3.23785921002061e-319,  7.4424758376525e-310, 0, 0, 0, 0, 2.37391913126867e-309, 3.13151306937625e-294,  2.28930257657e-319, 2.12199591695201e-314, 5.4323092248711e-312,  4.94065645841247e-324, 8.04167550270563e-306, 8.28904605845809e-317,  7.19677977666301e-304, -2.05317996069813e-300, -1.29528859763839e-48,  NaN, 5.48228646973991e-308, 0, 0, 4.38361869801681e-193, 0, 8.28904605845809e-317,  1.24921752336473e-314, 8.15193288933833e+232, 7.29112201955619e-304,  -2.45834381716139e+255, 2.18811793230171e-319, 2.12202817005144e-314,  0, 7.58884832012155e-321, 8.28904605845809e-317, 0))
result <- do.call(ggforce:::enclose_points,testlist)
str(result)