testlist <- list(id = c(-184549377L, -1778382080L, 185273099L, 185273095L,  1929409536L, -150994945L, -16777216L, 0L, 0L, 0L, 0L, 0L, 0L,  0L, -83839743L, 9868950L, 0L, 50331648L, 11927551L, -20586L,  200736768L, 0L, 0L, 256L, 1L, 0L, 0L, 0L, 3145728L, 0L, 256L,  65L, 1248854271L, -1761654272L, 16714L, 1879113653L, 16776960L,  -1L, -1L, -1L, -1L, -6094848L, 0L, 32768L, 0L, 6144L), x = c(1.08646181259513e-311,  0, 3.10503618460142e+231, -6.54026601241866e-198, 6.13766087794314e-275,  2.99939648823593e-241, 3.23790861658519e-319, 4.87975595064349e-317,  2.32093416117632e-315, -5.57413113071498e+303, 1.84554614607584e-255,  1.69350480443231e-306, NaN, 1.80107138361425e-255, 1.80107068909421e-255,  1.79820898983799e-255, -7.37668963050533e-200, NaN, 8.37211101765047e+298,  1.38524816011645e-309, 1.80106049879442e-255, 1.80107072085153e-255,  2.45901864449265e-313, 1.1125369292536e-308, 7.0636673210484e-304,  NaN, 9.76362385565825e-275, 6.98347419523514e-251, 1.80107070497287e-255,  1.80107070497287e-255, 1.80107070497287e-255, 1.80107476990923e-255,  1.80107070497287e-255, NaN, 1.80107070498323e-255, 3.32238904019178e-236,  1.19530919826088e-253, NaN, -2.46301375438576e+255, 1.43403594998177e-314,  3.23790861658519e-319, 5.94613593629143e-310, 0, 1.390671161567e-309,  5.41175239064612e-312, 2.12199579096527e-314, 2.71615461247013e-312,  0, 0, 4.94065645841247e-324, 1.26480805335359e-321, 4.94065645841247e-324,  0, 1.39067116156827e-309, 0, 0, NaN, NaN, NaN, 1.35940355309306e-314,  -2.2186035191195e-53, 1.11253692925373e-308, NaN, NaN, NaN, 1.39067107867654e-309,  1.80107109004455e-255, 2.85577322514609e-306, 3.3376107877608e-308,  2.84809453888922e-306, 3.3376107877608e-308, 1.6189543082926e-319,  NaN, 8.28904556439245e-317, 1.6189543082926e-319, 3.03553932804862e-320,  NaN), y = c(3.03553932804862e-320, 8.15193288937448e+232, 7.06416447246073e-304,  1.51305022376418e-306, NaN, 1.53573725929331e-308, 1.390671161567e-309,  2.84809453888922e-306, 0, 0, 3.23790861658519e-319, 8.25666697229224e-317,  8.04086069859603e-306, 1.39067116156574e-309, 0, 0, -7.37668114775859e-200,  3.47722113480761e-308, 3.3376107877837e-308, -1.07486017721073e-137,  1.390671161567e-309, NaN, 1.94011359013342e-307, NaN, 2.12619571209317e-314,  7.09887216150347e-304, -1.47467014969174e+307, 1.8010707049722e-255,  1.80107070497287e-255, 1.80107070497287e-255, 1.80107070497287e-255,  1.80107070497311e-255, 352321536.043137, 0, 0, 0, 8.28904605845809e-317,  1.24921752336473e-314, NaN, -5.48612408916342e+303, 1.6252176334781e+265,  1.4498629609585e-306, 1.3906710786778e-309, 5.4323092248711e-312,  6.953355807835e-310, 4.14452302922905e-317, 1.6189543082926e-319,  NaN, NaN, -1.75555970201398e+306, 3.00072587405434e-252, 1.80107070497287e-255,  1.801070706477e-255, 2.56808656582434e+202))
result <- do.call(ggforce:::enclose_points,testlist)
str(result)