testlist <- list(id = c(-16777155L, 16776960L, 255L, -1L, -1L, -4912373L,  1812663051L, 185273099L, 100608L, 0L, 11469055L, -156303360L,  9863168L, -1258225664L, 0L, 0L, -1242166517L, 185270273L, -1996488704L,  175L, 16774831L, 150L, -2147437311L, 0L, 0L, 46582L, 8448L, 1996488704L,  4278896L, 16711680L, -1L, 63009L, 119L, 0L, 1095397376L, NA,  -16777215L, 0L, -255L, 8388608L, 0L, 0L, 0L, 0L, 0L, 0L, 0L,  0L, 0L, 0L, 0L, 0L, 0L, 0L, 0L, 0L, 0L, 0L, 0L, 0L, 0L, 0L, 0L,  0L, 0L, 0L, 0L, 0L, 0L, 0L, 0L, 0L, 0L, 0L, 0L, 0L, 0L, 0L, 0L,  0L, 0L, 0L, 0L, 0L, 0L, 0L, 0L, 0L), x = c(NaN, 1.32550467063668e-309,  9.97338021753678e-313, NaN, 8.28904556439245e-317, NaN, -5.72180364269829e+303,  9.36221416939384e-97, 2.02390109829157e-300, -1.01374331998154e-262,  -9.14342136037602e-201, 2.37392978981625e-309, 0, 9.36220973880061e-97,  2.02390109829157e-300, -1.01374331998154e-262, -9.14342136037602e-201,  Inf, 131072.000226975, NaN, 9.77808980311583e-150, 4.96910556695671e+49,  NaN, 7.29290205148207e-304, 3.19148121630456e-312, 2.12998393918784e-314,  1.4498629609585e-306, 7.29112200597583e-304, 2.04711276639764e-306,  -5.63652376842703e+303, 1.39067116124321e-309, 2.12202816955737e-314,  NaN, -5.48612408923078e+303, NaN, 1.80116927968994e-255, NaN,  2.27569429303223e-305, Inf, -4.23449642374833e-50, 0), y = c(1.82260648062372e+185,  5.17374173580107e-304, 9.86400654823089e-315, -5.48745823154157e+303,  1.33634815220875e-309, 131072.000226975, NaN, 1.39064994193288e-309,  8.17019191373973e-310, 5.45275888432086e-312, -2.08809743432955e-53,  6.46447533146075e-310, NaN, -2.46066371580889e+260, 2.52518567634711e-312,  1.38524816011645e-309, -9.92417138941017e-263, 3.23790861658519e-319,  -5.56782662044921e+303, NaN, -1.3684555315672e-48, -9.92417138941017e-263,  NaN, -1.56198014355137e+265, -3.84028476350845e+304, 2.37764718639812e-309,  6.5874961449821e+267, 7.97465953163291e-306, 9.27316324146974e-312,  0, -3.84028475539611e+304, 2.37764718639812e-309, 6.5874961449821e+267,  7.97465953163291e-306, 9.77809639457354e-150, 4.96910556695671e+49,  NaN, 4.72828602753872e-308, 8.15193288933846e+232, NaN, 1.39069238120112e-309,  -9.92417138941017e-263, 2.0471127663977e-306, -5.63652376842703e+303,  1.39067116124321e-309, 6.46447533146075e-310, 7.06366485279595e-304,  -5.48746345455236e+303, 8.28917204519778e-317, 1.61317939290042e-307,  NaN, NaN, 1.80107109003036e-255, 7.44247587340917e-310, -1.56197940481167e+265,  -2.15364917917293e-53, 4.94065645841247e-324, 1.80131019465569e-255,  1.13563169452965e-314, 2.27597133945987e-305, 2.37392978981625e-309,  NaN, 1.62521610172665e+265, 1.62521609593865e+265, 0))
result <- do.call(ggforce:::enclose_points,testlist)
str(result)