testlist <- list(id = c(-16711530L, -1778384746L, -2147437311L, 0L, 0L, 11927297L,  9868800L, 65L, 65L, -4912373L, 185273099L, 185273099L, 191630091L,  185273099L, 185273099L, 185270453L, -16711680L, 0L, 16777216L,  65536L, 0L, 0L, 0L, -1258225664L, 0L, 0L), x = c(2.34334907739324e-313,  2.12199579096527e-314, 0, NaN, 0, 1.51305022376418e-306, 1.80107070497287e-255,  2.0674703742119e-255, 6.77468692221755e-251, NaN, NaN, NaN, NaN,  NaN, NaN, NaN, 1.8010707049729e-255, NaN, NaN, 9.77808980311583e-150,  4.96910556695671e+49, NaN, 7.29290205148207e-304, -5.48612406879369e+303,  1.39064996136033e-309, NaN, 2.84528597455366e+212, NaN, 1.732836439659e-319,  3.73396625502737e-312, 3.62232939119912e-314, -2.08809742975953e-53,  6.46447533146075e-310, 7.06366485279595e-304, -2.46066371580889e+260,  2.52517499141172e-312, 6.95344888557822e-310, 2.12202804357063e-314,  5.43239211406687e-312, 1.38523885234213e-309, 4.89021368500866e-315,  NaN, 1.82630583254196e-255, 1.79819776736343e-255, 7.44247587340917e-310,  -1.56197940481167e+265, -2.15364917917293e-53, 4.94065645841247e-324,  9.77809639457354e-150, -8.28560730615237e-50, NaN, -2.46006312362731e+260,  4.59836487903805e-311, 2.84839953603819e-306, 5.43239179154082e-312,  -1.08646181259513e-311, 8.90898712556329e-310, 0, 8.31193957828944e-317,  NaN, NaN, 1.390671161567e-309, 2.71615461243555e-312, -5.48612406879369e+303,  NaN, 0), y = c(1.39069230131837e-309, -2.59163465151123e-184,  NaN, 2.37935144049354e-309, NaN, -4.53264900954583e+306, 8.26109431770322e+232,  1.13193888295673e-255, 5.01304968918408e-304, 8.28904605845809e-317,  4.94065645841247e-324, 8.90029543402881e-308, 7.2911220195564e-304,  1.4498629609585e-306, 1.38524506899386e-309, 1.80106049879442e-255,  1.80107072085153e-255, 2.45901864449265e-313, 1.1125369292536e-308,  7.0636673210484e-304, NaN, 1.53573725136195e-308, 0, NaN, NaN,  7.2911220195564e-304, -2.54387105118001e-87, 3.22526053605166e-319,  4.94065645841247e-324, 0, 7.27950656090637e-310, 7.98570595713827e-310,  1.98937105402994e-315, 1.14460608586207e+214, 3.54417299352314e-317,  0, 8.28904605845809e-317, 3.22565578856833e-319, 0, 1.4853970537251e-313,  6.32404026676796e-322, 0, 1.95985359885676e-300, -5.48612406879369e+303,  -1.47494445589518e+307, 7.83226317737261e-306, 7.29112188377531e-304,  7.29112203886644e-304, 2.12199579096527e-314, 0, 0, NaN, 2.07423580093531e-319,  7.61331966762405e-304, 1.69759663277222e-313, NaN, NaN, 1.39067115897667e-309,  1.84554614607578e-255, 1.69350480443231e-306, NaN, 1.84554614607584e-255,  1.69350480443231e-306, 7.29112201902599e-304))
result <- do.call(ggforce:::enclose_points,testlist)
str(result)