testlist <- list(id = c(65L, 1248854144L, 255L, 256L, 255L, -65280L, -2147418113L,  -1L, -1L, -1L, -19189L, 185273099L, 185272179L, 7602422L, -1L,  -1L, -1258291192L, -16776705L, 185273099L, 185273095L, 1929409536L,  -150994945L, -16768768L, 0L, 0L, 16777216L, 1L, 0L, 0L, 0L, 16714L,  0L, 0L, 0L, 0L, 0L, 0L, 64256L, -1258225514L, -1768554496L, 768L,  181L, -245L, 185273099L, 252381963L, 185273216L, 0L, 0L, -1357381377L,  -1L, -182L, 1883308182L, -16744298L, -56833L), x = c(-3.00384897003089e-307,  -6.27743856466389e+66, -6.27743856220419e+66, -6.27743856220419e+66,  -6.27743856220419e+66, -6.27743856220419e+66, -6.27743856220419e+66,  -6.27743856220419e+66, -6.27743856220419e+66, -6.27743856220419e+66,  -6.27743856220419e+66, -6.27743856220419e+66, -6.27743856220419e+66,  7.29060036581941e-304, 2.63554948580777e-82, 0, 1.390671161567e-309,  NaN, -2.46066371580903e+260, 2.27597242300402e-305, 7.29038496378792e-304,  -9.92417138941017e-263, 1.50903005154446e+161, -1.02078715615408e-202,  1.414972389488e-316, -6.6126496516758e+263, 1.18182239014909e-125,  2.06513467697972e-305, -5.48746345455267e+303, 1.48012825377142e-75,  -1.01374331871042e-262, 2.06674655882347e-312, 0, 5.4323092248711e-312,  3.23790861658519e-319, -9.14342135121275e-201, 1.34018888169994e-309,  8.15193288933837e+232, NaN, 1.61222716666414e+265, 1.4498629609585e-306,  7.2928951252876e-304, 4.77830744826085e-299, NaN, 9.77808980311583e-150,  4.96910556695671e+49, NaN, 7.29290205148207e-304, 3.19148121630456e-312,  1.62521610172665e+265, 1.4498629609585e-306, 7.29112200597583e-304,  2.04711276639764e-306, -5.63652376842703e+303, 1.39067116124321e-309,  2.12202816955737e-314, 7.1071553048134e-15, -5.48612408923078e+303,  NaN, 1.80116927968994e-255, 4.45084316976264e-306, -5.72051657661568e+303,  2.95239487603523e-306, 2.15906687232625e-321, 1.34018888169994e-309 ), y = c(-3.00384897003089e-307, NaN, 3.23785921002061e-319,  6.32404026676796e-322, 1.18575755001899e-322, NaN, 3.23785921002061e-319,  6.32404026676796e-322, 1.18575755001899e-322, 2.71615461306795e-312,  NaN, 4.77830972673643e-299, -5.48612406879369e+303, 1.80131963848733e-255,  1.801070706477e-255, 2.56808656582434e+202, NaN, 2.8951321439356e-24,  1.80107066130593e-255, 1.78021530305975e-306, 1.13219859426586e-255,  1.53005706650363e-308, -8.55451753529931e-49, 1.39067116156774e-309,  -1.47467090728181e+307, 2.12199579047121e-314, NaN, 2.27569429303223e-305,  NaN, -4.23449642374833e-50, -1.01374331997659e-262, 1.82260648062372e+185,  1.96003671131e-300, 0, NaN, -4.23449642374833e-50, -1.02078733715227e-202,  1.414972389488e-316, -6.6126496516758e+263, 1.06850984347311e-317,  -5.82766839789234e+303, 1.33634815220875e-309, 131072.000226975,  NaN, 1.39064994193288e-309, 8.17019191373973e-310, 4.72828603925969e-308,  8.15193288933846e+232, NaN, 1.62521610171006e+265, 1.4498629609585e-306,  7.29112200597583e-304, 5.43239211406687e-312, 1.38523885234213e-309,  2.12196344201711e-314, NaN, 1.82630583254196e-255, -2.63613140368462e-265,  2.20727326763914e-305, -7.83225999653115e-306, 5.52721119315519e-319,  5.17374173580094e-304, 9.86400654823089e-315, -5.48745823154157e+303 ))
result <- do.call(ggforce:::enclose_points,testlist)
str(result)