testlist <- list(id = c(117440768L, -16053493L, 185273095L, 1929409536L,  -150994945L, -16711681L, -75L, 185273099L, 185273099L, -1257567477L,  196411648L, 0L, 0L, 11927551L, -256L, 9983L, -185273100L, 11337728L,  0L, 16777216L, 0L, 1958019478L, -1768554496L, 63231L, -256L,  553678592L, 65L, 1248854271L, 65535L, -65525L, 185273099L, 185535243L,  185270678L, -1768551680L, 0L, 0L, 134283263L, -36864L, -16777216L,  -1L, -245L, 185273099L, 185037568L, 1946220287L, -256L, -1L,  -4912373L, 185273099L, 185316619L, 185273103L, 185273099L, 185297931L,  117440768L, -1L, -16777216L, 654308596L, -185335635L, 0L, 256L,  0L, 6384750L, 1970077696L, 0L, 0L, 0L, 256L, 8L, -16777216L),      x = c(Inf, 3.75375841440235e+255, 0, 5.43239211532674e-312,      0, 2.29982995267468e-312, 1.17232340241158e+214, 3.23790861658519e-319,      0, 1.90979297435538e-313, 1.390671161567e-309, 0, 0, 0, 2.12202817005144e-314,      -2.63321477037686e+305, 1.80106049879442e-255, -9.27262546861268e+303,      5.43230922486616e-312, -6.50334563234037e-92, 1.390671161567e-309,      NaN, 7.2911220195564e-304, 2.12199579096527e-314, NaN, NaN,      NaN, NaN, NaN, NaN, NaN, NaN, NaN, NaN, NaN, NaN, NaN, NaN,      NaN, NaN, 1.80107070498771e-255, 0, 2.03491651015052e+236,      NaN, Inf, -2.52973392479783e+260, NaN, NaN, -5.68782042903614e+303,      NaN, 2.12199579047121e-314, 0, 3.23790861658519e-319, 1.39067124445746e-309,      0, -7.2911220195564e-304, 0, 0, 0, 5.43239211533168e-312,      -1.67346932200094e-77, 7.99909968167099e-317, 0, 0, 0, 0,      3.23790861658519e-319, -1.03694675614209e-202, NaN, NaN,      NaN, -4.23449642374833e-50, 7.19677977666286e-304, -5.48612398702754e+303,      -3.00384897003089e-307, 1.39067116155435e-309, NaN, -4.23449642374833e-50,      0), y = c(7.29187562783529e-304, 0, 0, 4.72936841110803e-308,      8.15193288933846e+232, NaN, 1.62521610171006e+265, 1.4498629609585e-306,      7.29112200597583e-304, 8.28891957765276e-317, NaN, -3.86240663960757e+306,      -1.36845553051676e-48, -2.17650186333728e+300, 2.99049926583368e-305,      0, 0, 0, 8.94258818972656e-322, 1.39067116156574e-309, 4.77497010746583e-304,      7.29112201955668e-304, 0, 0, 5.43230922487604e-312, 7.29289534257976e-304,      -5.83034114037589e+303, 1.69350480443236e-306, 8.38359769770101e+232,      -3.95001200397028e+306, -5.82968546755607e+303, 5.99897331294406e-311,      1.390671161567e-309, 5.4323092248711e-312, 0, 1.390671161567e-309,      0, 0, 0, 2.12202817005144e-314, -1.06449545123532e-202, 8.18029378064324e-310,      -5.34468764746507e-79, -5.27735271320722e-137, -5.27735271320721e-137,      7.29112092883392e-304, 8.94258818972656e-322, 0, 7.2911220195564e-304,      7.07039469279269e-304, 1.80106049755384e-255, 7.29112201961886e-304,      8.18041811538921e-310, 8.28904605845809e-317))
result <- do.call(ggforce:::enclose_points,testlist)
str(result)