testlist <- list(id = 0L, x = c(0, -2.53711429380555e+260, 3.01556809279461e+48,  NaN, NaN, NaN, -6.82922798296536e-229, -6.34458939100448e+255,  NaN, 8.28917204519778e-317, 6.95335746564417e-310, NaN, NaN,  1.80131963848733e-255, 2.8450115474876e+212, 1.80107070497287e-255,  -5.48612408915126e+303, 1.18182239014916e-125, 7.0638792484262e-304,  5.4323092248711e-312, 0, 0, 3.78576700311598e-270, -1.0565890614334e+270,  -5.48612408923109e+303, 1.80107066116632e-255, 1.80107070497287e-255,  1.80107070497287e-255, 1.80107070497287e-255, 1.80107072085153e-255,  NaN, -2.63333955302097e+306, 17084415.9997559, NaN, 1.59291503618035e-313,  2.69265776983479e-320, NaN, NaN, 1.39612469074978e-309, 4.94065645841247e-324,  -5.48612406879369e+303, 7.29112191091021e-304, NaN, 3.23785921002061e-319,  2.71615461243555e-312, 5.09278989831665e-313, 1.2433571246754e-314,  5.4323092255035e-312, 8.28904556439245e-317, 0, 1.39067116156827e-309,  0, 0, NaN, -7.511916015624e-200, -5.48612930076931e+303, 7.2911220195564e-304,  3.48007277339218e-312, 3.84081238164714e-312, 1.4498629609585e-306,  NaN, NaN, 1.80107070498771e-255, NaN, -5.48612408081569e+303,  NaN, 7.29290210580475e-304, NaN, 5.43230943229468e-312, 9.83247969701669e-310,  NaN, 4.99556005117462e-308, 131072.000226974, 2.92300466847704e+48,  -2.74348436439284e-199, NaN, NaN, NaN, NaN, 5.4323090844774e-312,  0, 1.390671161567e-309, 9.83247969701669e-310, 7.2929020786432e-304,  0, 1.27319747457916e-313, 1.390671161567e-309, NaN), y = c(NaN,  1.80107070497291e-255, -7.18749106179002e-200, NaN, 6.46447533468646e-310,  7.06366485279595e-304, 1.79845792329036e-255, 1.80107476990923e-255,  6.29508772990661e-311, 3.78576699573368e-270, -5.63747465955844e+303,  0, 3.23790861658519e-319, 1.26480805335359e-321, 0, 3.23790861658519e-319,  0, 0, 1.390671161567e-309, 7.74509271353833e-304, 5.62384203436576e-317,  1.26480805335359e-321, 2.32270935011384e-312, 0, 5.4323092248711e-312,  2.11396577759614e-314, 5.77662202428705e-275, 1.06099789548264e-314,  1.390671161567e-309, 0, 7.2911220195564e-304, 0, 0, 7.2911220195564e-304,  0, 7.2911220195564e-304, 0, 0, 5.43230922487604e-312, 0, 0, 1.390671161567e-309,  1.38540861200541e-309, 0, NaN, NaN, 1.42404726944461e-305, 0,  2.1278565320421e-314, NaN, NaN, -1.05658906227133e+270, -5.4861293006901e+303,  6.29508772990661e-311, 3.78576699573368e-270, -5.63747465955844e+303,  1.80107066116632e-255, 1.80107070497287e-255, 1.80107070497287e-255,  NaN, 1.80131963848733e-255, 1.78021530305975e-306, NaN, 1.80107138361425e-255,  5.29337879322628e-294, 1.80107070497311e-255, -9.59943551205499e+303,  1.18182239014916e-125, 2.06513467697972e-305, 5.4323092248711e-312,  -3.20729031588159e-80, 1.38442134621176e-319, 0, 3.78576699578877e-270,  1.25986739689518e-321, 1.4853970537251e-313, 6.32404026676796e-322,  0, NaN, 3.48007309717811e-312, 7.2911220195564e-304, 3.78576699578892e-270,  NaN, NaN, NaN, 6.51664907418034e-311, 1.39067116156574e-309,  2.09908172635841e+51, 7.0638792484262e-304, NaN, 8.90029543402881e-308,  8.1519352768004e+232, NaN, 1.39069238120112e-309, 1.24667235011897e-314,  2.0471127663977e-306, 7.62178484051037e-68, -5.82900682301346e+303,  3.23785921002061e-319, 0))
result <- do.call(ggforce:::enclose_points,testlist)
str(result)