testlist <- list(id = c(1701013857L, 1811939329L, 0L, 0L, 0L, 0L, 134283263L,  -16711681L, 185273099L, 185272179L, 7602422L, -1L, 16777215L,  -19189L, 185273099L, 185273269L, 185273099L, 185270272L, 32768L,  0L, -1773533184L, 0L, 1L, 0L, 16777216L, 0L, 0L, 12288L, 0L,  1L, 0L, 1095397376L, -6881462L, 0L, 0L, 0L, 1879048257L, 19199L ), x = c(7.29112201955668e-304, 1.14460557217693e+214, 3.54417299352314e-317,  0, 1.94274516995112e-318, 2.12199579096527e-314, NaN, 1.80107070497291e-255,  NaN, 3.0007258743084e-252, 1.25871695294069e+246, 8.04167553882482e-306,  NaN, 9.86400654823089e-315, -5.48745823154157e+303, 1.80107066510499e-255,  1.23234258452433e-303, 9.6055415798564e-316, -5.49683915486555e+303,  1.38524821896417e-309, NaN, 1.25871695294069e+246, NaN, 3.00072587430827e-252,  -3.52929408716218e-53, 1.80107476990923e-255, 1.80107109003032e-255,  1.39067116156579e-309, 8.26147324289499e-317, 0, 0, 2.12199579096527e-314,  -2.34636876426321e+255, 1.43403594998177e-314, 3.23790861658519e-319,  5.94613593629143e-310, 0, 1.390671161567e-309, 5.41175239064612e-312,  2.12199579096527e-314, 2.71615461247013e-312, 0, 0, 4.94065645841247e-324,  1.26480805335359e-321, 4.94065645841247e-324, 0, 1.39067116156827e-309,  0, 0, NaN, NaN, NaN, 8.05327002721232e-322, 1.39451205683911e-309,  6.63123684676648e-316, NaN, NaN, 1.39067115897667e-309, -2.08809742975953e-53,  1.39451205716196e-309, 6.63123684676648e-316, NaN, NaN, 5.43230921474769e-312,  1.80107138361425e-255, 1.80124346476814e-255, 1.80107070497311e-255,  NaN, -3.01736824601149e+304, 9.39809800489871e-310, 2.12199579096527e-314,  1.89132521218168e+219, 0, 0, 7.07039469279248e-304, 1.79819776736343e-255,  5.41200106231937e-312, -6.50334563234037e-92, 1.390671161567e-309,  0, -5.48612406879369e+303, NaN, NaN, NaN, -4.23449781739271e-50,  1.04623029657582e+270, 1.4498629609585e-306), y = c(NaN, 8.28904556439245e-317,  NaN, -5.3448686194692e-79, -5.32814935244648e-79, 1.61780300255695e-255,  4.73456433487997e-299, 2.95239488224781e-306, 2.15906687232625e-321,  1.34018888169994e-309, 3.85312755790269e-317, NaN, 1.25986739689518e-321,  0, 8.28917253926343e-317, 7.19677977666287e-304, 4.54003112692732e+268,  5.43291762790509e-312, 7.2911220195564e-304, 1.26480805335359e-321,  8.34402696940201e-309, 0, 1.84554614607578e-255, 1.69350480443231e-306,  NaN, 1.80107138361425e-255, 1.3967235807932e-320, 0, 0, 8.28904605845809e-317,  1.24921752336473e-314, 3.56940911998268e-310, 5.4323092248711e-312,  3.84081238164714e-312, 1.39069238152491e-309, 0, 4.97342763507486e-316,  5.4323092248711e-312, NaN, NaN, 8.28904556439245e-317, 0, 0,  0, 1.39067116156606e-309, 2.13299942965079e-305, 7.29112201955681e-304,  0, 0, 2.84355725035405e-312, 8.04165922677611e-306, 9.27316324146974e-312,  0))
result <- do.call(ggforce:::enclose_points,testlist)
str(result)