testlist <- list(id = c(0L, NA, 0L, 0L, 0L, 0L, 1L, 0L, 255L, 0L, 181L, 185273099L,  185273088L, 25755648L, 0L, -1358888970L, -1358954496L, -1769996107L,  16777216L, 0L, 181L, -167772127L, 7798784L, 16714L, 1879113472L,  16777215L, -16776970L, 553648128L, 1996488885L, -16711530L, -1778384746L,  -2147437311L, 0L, 0L, 46582L, 8448L, 1996488704L, 65280L, 33554687L,  -256L, 16714L, 1879113653L, -16711530L, -1778384746L, -2147437311L,  0L, 0L, 46582L, 8448L, 1996488704L, 65280L, 33554687L, -1241579264L,  16777215L, -1L, -31745L, -2049L, -19189L, 185273099L, 185273099L,  185297931L, 185273099L, 999686155L, 16315497L, -65292L, -184549377L,  -1L, -62661L, -1778382080L, 185273099L, 185273095L, 1929409536L,  -150994945L, -16252673L), x = c(NA, 1.80107070497291e-255, 1.80107109004062e-255,  1.79819800174487e-255, 4.8758404804002e-317, 0, Inf, 2.37393993677428e-309,  NaN, NaN, 1.80107109003036e-255, 1.79819800174487e-255, 1.80105948256391e-255,  1.52973828259954e-308, NaN, 0, 0, 1.26480805335359e-321, 8.94258818972656e-322,  3.23795802314978e-319, NaN, 2.99105553429831e-305, 4.34584737989737e-311,  NaN, NaN, 7.29112191091021e-304, 7.97465712479396e-306, 9.77809639457354e-150,  4.96910556695671e+49, NaN, 4.72828602753872e-308, 8.15193288933846e+232,  NaN, 1.39069238120112e-309, 7.06327445644526e-304, 5.4322264115638e-312,  NaN, 1.19530963259136e-253, 7.31077945637383e-304, -2.63554948580771e-82,  -1.02064143204289e-202, NaN, -6.6126496516758e+263, 2.52518567634711e-312,  1.38524816011645e-309, NaN, 9.86396480956513e-315, 0, 0, -1.0210661208238e-202,  7.4109846876187e-322, 4.94065645841247e-324, 6.32404026676796e-322,  0, 2.12199579096527e-314, 7.2928951252874e-304, 1.80124342093059e-255,  4.45084316976264e-306, 0), y = c(2.77975082644129e-309, -2.15364917919072e-53,  4.94065645841247e-324, 9.77809639457354e-150, -5.4861240688308e+303,  NaN, -5.63652376842703e+303, 1.80107070497291e-255, NaN, 3.0007258743084e-252,  1.25871695294069e+246, 8.04167553882482e-306, NaN, 9.86400654823089e-315,  -5.48745823154157e+303, 1.80107066510499e-255, 1.23234258452433e-303,  9.6055415798564e-316, -5.49683915486555e+303, 1.38524821896417e-309,  NaN, 1.25871695294069e+246, 7.29112188377271e-304, 1.390671161567e-309,  2.84809453888922e-306, 0, 0, 3.23790861658519e-319, 4.77497010745796e-304,  7.29112201955668e-304, 1.14460557217693e+214, 3.54417299352314e-317,  0, 8.28904605845809e-317, 3.22565578856833e-319, 3.80261645753625e-311,  17080320.0001221, NaN, 5.44306102421839e-312, 1.390671161567e-309,  5.4323092248711e-312, 0, 1.390671161567e-309, 8.28904605845809e-317,  0, -5.48612406879369e+303, NaN, NaN, 8.90898712878855e-310, 0,  8.31193957828944e-317, NaN, NaN, NaN, 3.4436306458375e+178, -6.61264965171888e+263,  2.52518567634711e-312, 1.38524816011645e-309, 5.01264986512293e-304,  9.86400654823089e-315, -5.48745823154157e+303, 7.29023200359377e-304,  1.26480805335359e-321, NaN, NaN, 3.0007258743084e-252, 1.80107070497875e-255,  1.13563169452965e-314, 2.27597133945987e-305, 2.37392978981625e-309,  0, 1.62521610172665e+265, 1.4498629609585e-306, 7.29112200597583e-304,  2.04706795053038e-306, 0, 0, -2.08809742975953e-53))
result <- do.call(ggforce:::enclose_points,testlist)
str(result)