testlist <- list(id = c(1095397376L, -16776961L, -256L, 16776960L, 65536L,  1701221888L, 181L, -167772127L, 7798784L, 16714L, 1879113472L,  16777215L, -16776970L, 8448L, 1996488704L, 4278896L, 16711680L,  -1L, 65535L, 256L, 0L, 65280L, 3997951L, -16777216L, 16777215L,  -1L, -75L, 185297931L, 185273099L, 185270273L, -1996488704L,  175L, 16774831L, 150L, -2147437311L, 0L, 0L, 46582L, 8448L, 1996488704L,  4278896L, 16711680L, -1L, 63009L, 119L, 0L, 1095397376L, NA,  -16777215L, 0L, -255L, 8388608L, 0L), x = c(NaN, NaN, -Inf),      y = c(-2.08809742975953e-53, NaN, -2.48207586973176e-265,      6.10426285402542e+180, 8.1701922842194e-310, 4.72828603925969e-308,      8.15193288933846e+232, NaN, 1.62521610171006e+265, 1.4498629609585e-306,      7.29112200597583e-304, 5.43239211406687e-312, -2.08809743432955e-53,      6.46447533146075e-310, 7.06366485279595e-304, -2.46066371580889e+260,      2.52518567634711e-312, 1.38524816011645e-309, NaN, 3.23790861658519e-319,      -5.56782662044921e+303, NaN, -1.3684555315672e-48, 1.801070706477e-255,      2.90721713805024e-312, -1.24123894885007e-77, 1.96003671130995e-300,      0, 4.72828603925969e-308, 7.91436933587943e-306, 7.29060036805792e-304,      2.63554948580777e-82, 0, 1.390671161567e-309, NaN, -2.46066371580903e+260,      7.06388622947648e-304, -5.22958905888797e-79, -1.01374299456986e-262,      1.4605861269544e+243, 2.9523948822401e-306, 2.15906687232625e-321,      1.34018888169994e-309, -5.22958905888797e-79, -1.01374299456986e-262,      6.97488705030489e-310, 1.30375421396906e-310, 6.953355807835e-310,      7.06366485279595e-304, -2.46066371580889e+260, 2.52518567634711e-312,      2.40427362861984e-317, NaN, 1.25986739689518e-321, NaN, -4.23449781739271e-50,      NaN, 8.08530781034118e-306, NaN, NaN, NaN, -1.4845109052946e+85,      NaN, NaN, NaN, NaN, NaN, -1.66706906211381e-161, 3.29834417955722e+231,      -2.08809742978979e-53, 6.46447533146075e-310, 7.06366485279595e-304,      -2.46066371580889e+260, 2.52517499141172e-312, 6.95344888557822e-310,      2.12202804357063e-314, 1.65436438054958e-24, -1.36845552901826e-48,      -1.02078733715227e-202, 1.414972389488e-316, -6.6126496516758e+263,      1.06850984347311e-317, -5.82766839789234e+303, 8.28904556439245e-317,      NaN, -1.24123895194162e-77, NaN, -2.48207586973176e-265,      6.10426285402542e+180, 8.1701922842194e-310, 3.62232939119912e-314,      -2.08809743073187e-53, -7.18532093295839e-200, NaN, 1.80107070762381e-255,      1.19530919826088e-253, 1.80107070497287e-255, 8.15193289013669e+232,      NaN))
result <- do.call(ggforce:::enclose_points,testlist)
str(result)