testlist <- list(id = -4912373L, x = c(2.13299942965079e-305, 0, 1.390671161567e-309,  -3.47306055900863e-164, -1.15859166159926e+265, 3.12358182613753e-319,  0, 8.28904605845809e-317, 3.23790861658519e-319, 0, 8.28904605845809e-317,  1.42873423910284e-101, 0, 7.2911220195564e-304, 7.07039469279269e-304,  NaN, 1.80107070498323e-255, NaN, NaN, 1.3860664307006e-309, 6.98350748924873e-251,  1.80211132868084e-255, 1.53573725136183e-308, 0, 1.51305022376418e-306,  NaN, 1.8010707087713e-255, NaN, NaN, 1.80107070498323e-255, 1.80107070760898e-255,  6.95335580783555e-310, 0, 0, 1.26480805335359e-321, 0, 0, 7.2911220195564e-304,  -8.22918610319084e+303, 5.2508081683824e-304, 0, 0, 9.83247969701669e-310,  0, 0, 0, 3.23790861658519e-319, 4.87975595064349e-317, 6.81160648899852e-312,  2.92300327466181e+48, 7.29023446166073e-304, NaN, -1.02088952698092e-202,  0, 1.27319747457916e-313, 1.390671161567e-309, NaN, NaN, NaN,  NaN, NaN, NaN, NaN, 1.84554614607584e-255, NaN, NaN, 1.80107138361425e-255,  1.78021530305975e-306, 4.72936841117277e-308, 8.15193288933846e+232,  NaN, NaN, NaN, -2.75164205365948e-135, NaN, 2.12199578651868e-314,  NaN, 1.78021530307957e-306, NaN, 1.80107138361425e-255, 1.80124346476814e-255,  -3.57566671405164e-318, 0, 0, 8.28904605845809e-317, 7.29112897291221e-304,  0, 0), y = c(0, 0, -5.48612406879369e+303, 5.43230922486616e-312,  NaN, -1.1874739999347e-77, -7.18531949198289e-200, -1.32576457078368e-48,  NaN, -5.40979753407036e-219, 1.24335703475545e-314, 8.15193288933833e+232,  -5.82900160564708e+303, -5.48612930076931e+303, 7.19377001336067e-304,  0, 4.24399158143648e-314, 4.73456300351944e-299, 1.80107070497287e-255,  -3.15452133955625e+304, 1.80107070497287e-255, 1.80107070497287e-255,  1.80107070497287e-255, 1.80107070497287e-255, 1.3967235807932e-320,  2.12202817005144e-314, 0, 7.58884832012155e-321, 8.28904605845809e-317,  -2.97403381695557e+284, 8.04167550270563e-306, 2.48671381753743e-316,  NaN, 8.25679295903193e-317, NaN, -5.48745823159794e+303, 1.80107066510499e-255,  1.23234258452433e-303, 9.6055415798564e-316, -5.49683915486555e+303,  1.38524821896417e-309, NaN, 1.25871695294069e+246, NaN, 3.00072587430827e-252,  1.53573725136183e-308, 1.80124443714917e-255, 1.80107070497311e-255,  NaN, -3.01736824601149e+304, 9.39809800489871e-310, 8.18029378064324e-310,  8.04086069859622e-306, NaN, 9.88674062465782e-310, 7.07039469279248e-304,  1.390671161567e-309, 2.84809453917933e-306, 0, 0, 3.23790861658519e-319,  8.28904605845809e-317, 3.23790861658519e-319, 0, 8.28904605845809e-317,  4.94065645841247e-324, 0, 0, 0, 2.12196341187911e-314, 8.28904605845809e-317,  0, 0, 3.78576699573368e-270, -5.63747465955844e+303, 7.29112189732944e-304,  5.41117183363117e-312, 6.98350748929955e-251, 1.69350480443231e-306,  2.40307976698059e-306))
result <- do.call(ggforce:::enclose_points,testlist)
str(result)