testlist <- list(id = c(9863168L, -1258225664L, 0L, 0L, -1242169344L, 553678592L,  0L, -16776704L, 16777215L, -16744185L, 65536L, 0L, 0L, 0L, 0L,  1L, 0L, 256L, 0L, 0L, 0L, 1L, 0L, 0L, 0L, 0L, 0L, 0L, 1L, 65536L,  589568L, 21655617L, 9895680L, -2137587713L, -19071L, 65536L,  16777216L, 0L, NA, 0L, 0L, 0L, 0L, 16777397L, -16711530L, -1778384746L,  -2147420417L, -65355L, 0L, 0L, 0L, 65536L, 0L, -1248395520L,  16777215L, -16774389L, 185273099L, 252381963L, 185273099L, 185270272L,  0L, 8L, 16777215L, -9436929L, 255L, -1L, -62709L, 185273099L,  124977268L, 16187391L, -65281L, -1L, -1257567477L, 185273099L,  196414219L, 185273099L, 0L, NA, 0L, 0L, 0L), x = c(0, 1.32548883874849e-309,  9.97338021753678e-313, NaN, 8.28904556439245e-317, NaN, -5.72180364269829e+303,  9.36221416939384e-97, 2.02390109829157e-300, -1.01374331998154e-262,  -9.14342136037602e-201, 2.37392978981625e-309, 0, 9.36220973880061e-97,  2.02390109829157e-300, -1.01374331998154e-262, -9.14342136037602e-201,  1.34018888169994e-309, 131072.000226975, NaN, 9.77808980311583e-150,  4.96910556695671e+49, NaN, 7.29290205148207e-304, 3.19148121630456e-312,  1.62521610172665e+265, 1.4498629609585e-306, 7.29112200597583e-304,  2.04711276639764e-306, -5.63652376842703e+303, 1.39067116124321e-309,  2.12202816955737e-314, 7.1071553048134e-15, -5.48612408923078e+303,  NaN, 1.65897455175445e-24, NaN, 1.80107066510499e-255, 2.56808656582434e+202,  2.02255961685588e-314, 1.52181704979504e-317, NaN, 1.25986739689518e-321,  NaN, -1.24123895194162e-77), y = c(-5.34423804359269e-79, -5.34423804359269e-79,  3.62232939119912e-314, NaN, NaN, -2.48207586973176e-265, 6.10426285402542e+180,  8.1701922842194e-310, 4.72828603925969e-308, 8.15193288933846e+232,  NaN, 1.62521610171006e+265, 1.4498629609585e-306, 7.29112200597583e-304,  5.43239211406687e-312, 1.06559867928828e-255, -2.63613140368462e-265,  2.20727326763914e-305, 9.77809641960569e-150, 4.96910556695671e+49,  NaN, 4.72828602753872e-308, 8.15193288933846e+232, NaN, 1.39069238120112e-309,  7.06327445644526e-304, 5.4322264115638e-312, NaN, 1.19530963259136e-253,  7.31077945637383e-304, -2.63554948580771e-82, -1.02064143204289e-202,  1.414972389488e-316, -6.6126496516758e+263, 2.52518567634711e-312,  1.38524816011645e-309, 4.40458586433918e-145, 9.86396480956513e-315,  2.71619097092899e-312, 8.28917204519778e-317, 6.95335746564417e-310,  9.27316324146974e-312, 0, 1.62521609596126e+265, 1.4498629609585e-306,  7.29112200597583e-304, 2.04706795053038e-306, -6.09994297950815e-310,  1.39069229863445e-309, 2.78134224024354e-309, 1.414972389488e-316,  -6.6126496516758e+263, 1.06850984347311e-317, -5.82766839789234e+303,  9.77809643099122e-150, -5.34423804359269e-79, 1.82630583252652e-255,  -2.63613140368462e-265, 2.20727326763914e-305, 5.69758034387628e-317,  4.96910556692507e+49, -5.34423804359269e-79, 2.15906687232625e-321,  -2.08860721139232e-53, 1.02358728017332e+270, 3.2519490098201e-259,  1.06559867695611e-255, NaN, NaN, 4.734977677184e-299, 0))
result <- do.call(ggforce:::enclose_points,testlist)
str(result)