testlist <- list(x1 = 1.06559867695611e-255, x2 = 0)