testlist <- list(data = structure(c(6.36545637825525e-304, 2.4669098900834e-308,  7.29111915449071e-304, 2.48104027597897e-265, 2.53155584945921e-260,  2.64617978193873e-260, 7.30536917292851e-304, 1.03282108444891e-255,  8.42653815361236e-231, 7.29111858362303e-304, 5.50828115013509e+125,  7.30696874216412e-304, 2.48104025832402e-265, 4.94065645841247e-324,  4.94065645841247e-324, 4.94065645841247e-324, 6.36545637825525e-304,  4.94065645841247e-324, 4.94065645841247e-324, 4.94065645841247e-324,  4.94065645841247e-324, 4.94065645841247e-324, 4.94065645841247e-324,  4.94065645841247e-324, 1.89854759332425e-314, 6.36545637825525e-304,  6.47984423805301e-198, 7.21634555017696e-317, 4.18634427740028e-149,  213334.543964461, 4.78480219251265e-304, 7.29111869274445e-304,  2.46691041196816e-308, 5.50828115013509e+125, 7.60858377263145e-270,  1.66499742462687e-255, 2.46691095053365e-308, 5.43230890487466e-312,  4.23569556817816e-257, 5.43304714539599e-312, 7.30714255133765e-304,  4.94065645841247e-324, NaN, 4.94065645841247e-324, 4.94065645841247e-324,  4.94065645841247e-324, 4.94065645841247e-324, 4.94065645841247e-324,  4.94065645841247e-324, 4.94065645841247e-324, 4.94065645841247e-324,  4.94065645841247e-324, 2.89695391439015e-319, 6.37967348162934e-304,  1.53063836115601e-18, 1.5306383636269e-18, 4.87951855886936e-313,  4.80540595466221e-313, 2.45896664188961e-303, 1.76724936516665e-284,  2.36995670677776e-303, 5.0328721096547e+226, 1.2736967498887e+111,  3.48495368750227e-310, 0, 0, 2.9472003905722e-319, 0, 7.57666268503252e-317,  8.49630319771685e-314, 2.05427256900931e-289, 5.11766988447659e-307,  1.13173753274883e-306, 4.66759399466344e+252, 5.04497431745838e+180,  5.26246667113329e-312, 0, 1.78388675173214e+127, 1.78388675173214e+127,  1.78388675065626e+127), .Dim = c(8L, 10L)), x = structure(c(NA,  3.79212874880738e+146, 3.79212874880745e+146, 3.87759890244774e-26,  2.64300411703758e-260, 1.24943112172035e-309, 5.05923221341436e-321,  1.91036608378526e-317, 3.23908943347875e-318, NA, 6.19259838399273e-183,  5.28376951949859e-312, 1.91263439054815e-314, 7.45844727504317e-304,  8.12986896305445e-261, 0, NaN, 2.09887226657993e-312, 1.53191194421017e-309,  5.43230957813199e-311, 2.38740417528295e-303, 1.42611097520522e-105,  1.51793424879643e+180, 1.42602581597035e-105, 1.42602581597035e-105,  1.42602581597035e-105, 1.42602581597035e-105, 1.46200557661842e-105,  1.42602567900818e-105, 1.62597587022799e-260, 6.47959938062649e-198,  5.07172827540316e-312, Inf, 2.64617978193873e-260, 7.30536917292851e-304,  1.03282108444891e-255, 2.17388770493941e-231, 7.29112897291221e-304,  131101.156757434, 5.50828115013509e+125, 7.60858377263145e-270,  1.66499742462687e-255, 213334.54396446, 2.12170437918978e-314,  0, 0, 1.88274989461163e-183, 1.39119105056715e-308), .Dim = c(6L,  8L)))
result <- do.call(distr6:::C_EmpiricalMVPdf,testlist)
str(result)