testlist <- list(data = structure(c(1.42602581597035e-105, NaN, 1.42616636191038e-105,  1.4260258154353e-105, 1.18967572027586e-309, 3.1950957202182e-307,  1.390671161567e-309, 1.42602593664389e-105, 1.10639270315221e+74,  1.10639270315221e+74, 1.4260258156423e-105, 2.65642258638294e-309,  1.69064429340201e-231, 1.4260258159767e-105, 2.20251739112328e-106,  9.82427835302695e-102, 7.06200199233243e-311, 2.84858475047377e-304,  5.00368698948663e-304, 2.08880925133816e-314, 1.71882908052822e-260,  2.62024523505084e-304, 4.16249484178396e-256, 3.38955549403782e-306,  1.06099789548264e-314, 2.05899906171127e-312, 8.04580796240943e+110,  6.92837142939218e-308, 6.8063555084023e-286, 2.69494080655227e-312,  1.36893463040429e-309, 3.29753190419795e-229, 6.16176510307733e-270,  4.78479883891634e-304, 7.29112897291221e-304, 5.4674514851239e-304,  0, 0, 2.50632319422251e-304, 1.29516344663408e-318, 4.89053717943093e-315,  6.45861168379313e-198, 2.69652641881934e-260, 1.80079337768913e+111,  1.42602581597035e-105, 1.42602581597035e-105, 1.42602581597039e-105,  3.75956971381074e-227, 2.92985695584553e-202, 1.39264685213457e-309,  1.71056096382912e-265, 7.54445355744884e-317, 4.06948188068389e+53,  0, 1.88274989461163e-183, 1.97626258336499e-323, 7.46236751478619e-320,  1.25986739689518e-321, 4.94065645841247e-324, 0, 2.11914643138268e-314,  0, 0, 1.24620568844188e-308, 0, 0, 0, 2.90262084734795e-318,  6.62416692528242e-270, 0, 1.67646798509601e-312, 3.45519589799611e-260,  3.01731090513338e+151, 9.48968658197074e+170, 3.07310462129887e-317,  5632.00000005425, 4.04892774809976e-199, 2.7347033651272e-260,  1.1125369292536e-308, 1.96860404041679e-302, 1.06559867476966e-255,  3.4551959048773e-260, 1.06559816877519e-255, 6.47981537056463e-198,  7.28997123911798e-304, 5.29946982737798e-169, 1.24943112172035e-309,  0, 4.8908521067549e-315, 6.19496238673777e-310, 6.89674535332646e-317,  0, 0, 1.24620568844188e-308, 5.26254988412487e-312, 8.81442566340249e-280,  4.24399158193054e-314, 2.8480945456796e-304, 3.38955548388335e-306,  4.7847988389165e-304), .Dim = c(10L, 10L)), x = structure(c(NaN,  0, 1.26591902901616e-309, 1.88686895315505e-183, 1.00084490159812e+65,  5.80321319817065e-227, 8.49496789221226e-179, 0, 0, 0, 1.62994575875871e-260,  0, 0, NA, 0, 0, 0, 0, 1.41783270769136e-309, 0, 0, 1.39086214118818e-309,  8.90903109923465e-313, 8.44254249980669e-227, 1.47798295548042e-265,  8.70027389010642e-311, 1.62916584656708e-260, 2.6425885427944e-260,  1.23055912552855e-269, 5.26246667113329e-312, 0, 0, 4.88059031922013e-312,  1.97626258336499e-323, 3.0714745022056e-308, 2.81776900841565e-202,  6.37942582353782e-304, 2.35074901359746e-308, 2.71380221226882e-260,  1.06559816877625e-255, 5.4323092248711e-312, 2.12170437918978e-314 ), .Dim = 6:7))
result <- do.call(distr6:::C_EmpiricalMVPdf,testlist)
str(result)