testlist <- list(data = structure(c(-3.12995105240998e+105, 3.54031501629723e-304,  8.69378358839616e-311, 6.34062991169109e-243, 1.78388675173214e+127,  1.78388675173214e+127, 1.78388675173214e+127, 1.78388675173214e+127,  1.78388675173214e+127, 1.78405784856712e+127, 4.23569556817816e-257,  1.33617690081446e-309, 1.82477974744226e+127, 2.46655944871969e-308,  1.81176022324308e+127, 6.95335580621605e-310, 0, 7.17740765671692e-304,  1.56507772428202e-18, 4.58632918414486e-312, 2.34584067158442e-308,  7.08552531673011e-304, 1.62599146155685e-260, 1.71056100556599e-265,  8.1298304238219e-261, 3.80067082153206e-270, 7.2911220195564e-304,  8.27791574758858e-317, 1.21046083231105e-321, 1.61222696269429e+265,  5.34730955316839e-310, 1.51793424879643e+180, 5.00368808532192e-304,  2.31583967538154e+77, 2.64856784678818e-260, 1.42602581759464e-105,  1.42602581855701e-105, 2.95178471903316e-304, 7.8804012392789e+115,  5.4674514851239e-304, 0, 0, 2.50632319422251e-304, 1.29516344663408e-318,  4.89074966224324e-315, 3.98521009674686e+62, 2.64856635998824e-260,  2.64300309355456e-260, 1.42602581868386e-105, 8.19250304729739e-315,  1.42602581597035e-105, 1.4478265800967e-105, 1.22317815690832e+113,  2.65133715349458e-260, 1.61344522305697e-231, 4.88096872476561e-299,  -Inf, 1.10639270315221e+74, 1.10635873507313e+74, 6.45861168379313e-198,  2.84867534940392e-306, 7.29111858362303e-304, 5.50828115013509e+125,  7.30696874216412e-304, 2.29937095019307e-268, 1.59864812616935e+149,  2.84866992910801e-304, 0, 1.14129164189328e-321, 0, 2.50632319422251e-304,  0, 1.25197751666951e-312, 1.60553052976284e-306, 5.07165055800257e-312,  4.94065645841247e-324, 1.89854759332425e-314, 2.2250738585072e-308,  4.94065645841247e-324, 5.43230922448079e-312, 2.36995670677774e-303,  9.77281866885513e-306, 0, 7.42796473573497e-316, 1.62637151013656e-260,  0, 0, 0, NaN, 0, 7.0650369017999e-304, 5.25356933569878e-287,  1.93140961284881e-314, 1.86681891766292e-299, 2.69226279252295e+56,  7.42462645106683e-304, 3.0987797307163e-319, 5.98410777034196e-312,  2.13028793580346e-313, 1.39084597816687e-309), .Dim = c(10L,  10L)), x = structure(c(NA, 3.94604863000294e-114, 1.26575548613742e-309,  4.78479882539232e-304, 2.64895706300564e-260, NA, 0, 0, 1.24943112172035e-309,  NaN, 1.91036608378526e-317, 3.23908943347875e-318, 5.69084890051812e-304,  1.22725906426966e-319, NA, 1.39069146974254e-309, 1.00290012434693e-313,  6.4186056302824e-198, 3.62604441312138e-217, 3.2193757287048e-307,  9.82249312471083e-102, 2.64617978193873e-260, 1.24128499542641e-308,  7.29112201965918e-304, 0, 0, 2.90905852271326e-319, 0), .Dim = c(4L,  7L)))
result <- do.call(distr6:::C_EmpiricalMVPdf,testlist)
str(result)