testlist <- list(data = structure(c(4.18634103087775e-149, 7.68784483532638e-304,  4.39060080455435e-149, 2.45896664188961e-303, 1.76724936516665e-284,  2.36995670677776e-303, 5.0328721096547e+226, 1.2736967498887e+111,  3.48515014146061e-310, 2.64895678174848e-260, 2.22560647945073e-308,  0, 0, 2.94700276431387e-319, 1.0650783571628e-255, 6.37942929613405e-304,  2.92285632465409e+48, 7.06284259278282e+281, 4.56969241421266e+233,  2.92300326938751e+48, 0, 2.92985695584553e-202, 1.39258178993403e-309,  1.06559816877004e-255, 2.81077232920961e-202, 0, 2.55808713361443e-317,  5.00368698948675e-304, 8.87015786112811e+247, 2.48104025836e-265,  1.36885473136459e-231, 6.14293298947794e-183, 6.14293298947794e-183,  6.14293298947794e-183, 6.14293298947794e-183, 6.14293298947794e-183,  6.14293298947794e-183, 6.14293298947794e-183, 6.14293374731172e-183,  8.06239196123149e-317, 2.91849517654883e-319, 1.39266583405005e-309,  1.71056096382912e-265, 3.23785921002061e-319, 4.94065645841247e-324,  4.94065645841247e-324, 1.89854759332425e-314, 2.36359774374141e-308,  3.09838447819963e-319, 4.94065645841247e-324, 4.94065645841247e-324,  7.1524846010581e-318, 1.91562033238475e+53, 2.36995537081072e-303,  5.98410777034196e-312, 1.03213958173258e-310, 1.83347069127858e-260,  5.66414797888678e-198, 9.21878965571615e-285, 7.2911220195564e-304,  2.03052487304081e-314, 2.12199562742954e-314, 3.00389384649717e-307,  4.29194826542291e-320, 9.28269057362556e-215, 1.13635098543487e-322,  6.62416692528242e-270, 0, 1.67646798509601e-312, 3.45519589799611e-260,  3.01731090513338e+151, 9.48968658197074e+170, 6.96291224902948e-310,  2.71615461243555e-312, 3.23158457631843e-319, 2.7161546125146e-312,  0, 0, 0, 5.45353711565686e-311, 7.30554333138506e-304, 1.63253393513512e-312,  1.44926771161247e+166, 5.77062536952196e+228, 6.41860563030637e-198,  2.33754209732857e-314, 8.44254221644125e-227, 3.21900225742396e-307,  0, 0, 1.88274989461163e-183, 3.31561842338324e-316, 1.25197751666951e-312,  2.12276966337746e-313, 8.81442565519341e-280, 8.04296508264812e-315,  1.42574812611266e+233, 1.64221450889335e-260, 6.57260625521472e-309,  1.91562033238671e+53), .Dim = c(10L, 10L)), x = structure(c(1.35999696916778e+248,  1.35999696916778e+248, 1.35999696916778e+248, 1.35999696916778e+248,  4.04479676354576e-199, 1.72323132184529e-260, 4.01309867657895e-270,  4.60192296125744e-285, 6.14293298947794e-183, 6.14293298947794e-183,  6.07243972539397e-182, 1.3526449969929e-309, 4.89642239592697e-312,  6.23511641795955e+144, 1.34719146781012e-309, 0, 0, 8.20397812344037e-307,  1.22317815690832e+113, 2.64883146240357e-260, 3.22526053605166e-319,  2.9472003905722e-319, 2.87288123781572e-188, 8.44254250742362e-227,  6.37884556739742e-304, 2.55586839281622e-228, 0, 2.90905852271326e-319,  0, 2.17292368994844e-311, 1.53462734783418e-308, 1.65436423882775e-24,  2.64856629916671e-260, 5.4546633910603e-311, 2.2572436524575e-294,  1.42602581597035e-105, 1.42602581597035e-105, 1.81778597833689e-256,  2.46691086235666e-308, 4.16249763241031e-256, 1.42602581597035e-105,  1.42602581597035e-105, 1.42602581598056e-105, 1.33072478063413e-309,  6.99873156724271e-310, 3.07624517366482e-131, 1.41704903475476e-105,  4.87976044426935e-313, 3.38160309444058e-231), .Dim = c(7L, 7L )))
result <- do.call(distr6:::C_EmpiricalMVPdf,testlist)
str(result)