testlist <- list(data = structure(c(-6.35384124343101e+197, 5.79391781148549e-307,  1.39086006922252e-309, 2.48104025836e-265, -6.35384124343101e+197,  4.07425347328396e-310, 8.44048042528345e-227, 3.75956950860577e-227,  6.14293298947794e-183, 7.55691534300546e+77, 1.06547065144092e-255,  8.15948623601785e-317, 6.14293374731172e-183, 8.06239196123149e-317,  5.85276237884439e-198, 8.48798316583735e-314, -6.35384124343101e+197,  0, 0, 8.15934685021785e-315, 7.3516678232699e+228, 2.36993869311378e-303,  5.98403103207079e-312, 1.39067125200193e-308, 6.62150775697349e-280,  6.36544631826715e-198, 1.39069238984634e-308, 3.53207004023705e-304,  2.65642258638294e-309, 1.69064429340201e-231, 1.42613226496635e-105,  1.96868638599136e-302, 3.45518969997599e-260, NA, 6.42700677958693e-198,  0, 0, 0, 0, 1.265919029312e-309, 2.4810426160884e-265, 5.79391781148549e-307,  1.39086006922252e-309, 2.48104025836e-265, 1.36885473136459e-231,  6.14293298947794e-183, 6.14293298947794e-183, 6.14293298947794e-183,  6.14293298947794e-183, 6.14293298947794e-183, 6.14293298947794e-183,  6.14293298947794e-183, 6.14293374731172e-183, 8.06239196123149e-317,  2.91849517654883e-319, 1.39266583405005e-309), .Dim = 8:7), x = structure(c(-Inf,  6.10481345385433e+247, 2.54166853232633e+117, 7.27917492813417e-95,  4.6343369826479e+252, 6.69423855258919e+223, 6.68886832660014e-198,  1.42599075041873e-105, 1.80331605904384e-130, 3.30479310452025e+38,  5.33343864685626e-320, 1.42602648450131e-105, 1.42602581868337e-105,  1.81248364381293e-260, 1.0322987202005e-255, 2.75909271979596e-306,  2.15547576112011e-315, 1.39045888460063e-309, 2.84809453888833e-306,  7.27730038428348e-308, 5.62241890519499e-309, 2.12199579047121e-314,  1.19361319378787e-319, 3.7540824383504e+146, 3.79212874880743e+146,  3.79212874880738e+146, 3.79212874880738e+146, 1.48280337826037e-307,  5.28390524022935e-178, NA, 4.9463229410406e-146, 1.53063899370589e-18,  1.24915675105796e-310, 8.28904605845809e-317, 2.84866992908237e-304,  4.94434150318253e-312, 1.33093507398939e-309, 1.33613446060136e-309,  2.71735396123521e-198, 3.07143884594033e-183, 2.42801063704579e-202,  8.05165440046509e-299, 2.81776884046609e-202, 1.26575463327229e-309,  1.34719146781012e-309, 0, 1.69759663277222e-313, 2.87703795512702e-304,  2.64258854279432e-260, 7.29106612051113e-304, 1.33072478063413e-309,  2.15516462327964e-315, NaN, 4.94065645841247e-324, 4.94065645841247e-324,  4.94065645841247e-324, 4.94065645841247e-324, 4.94065645841247e-324,  4.94065645841247e-324, 4.94065645841247e-324, 3.06384785847826e-308,  0, 1.33091576009481e-309, 5.00368698948671e-304, NaN, 2.02822087722601e-110,  3.07828173409323e+113, 2.36411973844967e-308, 4.16321371854686e-256,  2.42396358834987e-154), .Dim = c(10L, 7L)))
result <- do.call(distr6:::C_EmpiricalMVPdf,testlist)
str(result)