testlist <- list(data = structure(c(4.18634103082864e-149, 1.78388675173214e+127,  1.78388675173214e+127, 1.78388675173214e+127, 1.78388675173214e+127,  1.78388675173214e+127, 1.78388675173214e+127, 1.78388675173214e+127,  1.78388717704389e+127, 1.53063836320875e-18, 4.18621773319137e-149,  1.22418370976402e-116, 4.18634102934294e-149, 4.18634103082864e-149,  6.40666590458592e-145, 1.54132175045769e-305, 9.30766806548538e+125,  3.07143884595569e-183, 1.78388675173214e+127, 1.78388675173214e+127,  1.78388675173214e+127, 1.78388675173214e+127, 1.78388675173214e+127,  1.78388675173214e+127, 1.78388675065484e+127, 6.60042397346073e-304,  8.63101488615644e+57, 1.10639270315221e+74, 1.10639270263389e+74,  2.65642258638294e-309, 1.69064429340201e-231, 1.42613226767986e-105,  7.54444812272673e-317, 5.56276952609964e-309, 2.0958590625017e-289,  5.72736292280314e-310, 1.42594941615075e+248, 4.56969241421266e+233,  2.92300326938751e+48, 0, 8.99846045719821e-310, 1.78388675173214e+127,  1.78388675173214e+127, 6.47926698789449e-198, 2.89151009743479e+305,  1.78388675173214e+127, 1.78388675173214e+127, 2.21393087938192e+126,  6.83623818634853e-304, 1.78388675173214e+127, 1.78388675173214e+127,  1.78388675173214e+127, 1.82160686049756e+127, 3.5062859863644e-312,  1.53063836320875e-18, 4.39910835075037e-149, 1.17408179729538e-309,  4.18634103082864e-149, 4.18634103082864e-149, 5.15241973025063e-148,  1.78388675173214e+127, 1.78388675173214e+127, 1.78388675173214e+127,  2.21813575529665e+130, 2.94700276431387e-319, 1.0650783571628e-255,  6.37942929612944e-304, 1.88275165509922e-183, 8.44254251528635e-227,  2.12321781799685e-289, 5632.00000005774, 0, 3.51502361608987e-312,  1.78388675173214e+127, 1.78388675173214e+127, 1.78388675173214e+127,  1.78388675173214e+127, 1.78388675173214e+127, 9.25789441468132e+126,  1.78388675173214e+127, 9.71587010124543e+125), .Dim = c(9L, 9L )), x = structure(c(3.50122040940449e-217, 4.98732232481338e-85,  5.11849381900725e-307, 1.36138677400805e-312, 6.7502254728383e-306,  7.27687813808791e-304, 0, 0, 1.1511729548101e-321, 4.7848127322577e-304,  1.36893464196345e-309, 5632.00160875641, 4.61321311777405e-104,  1.45144261509986e+219, 5632.00000005774, 0, 3.51502361608987e-312,  1.78388675173214e+127, 1.78388675173214e+127, 1.78388675173214e+127,  1.78388675173214e+127, 1.78388675173214e+127, 1.78388675173214e+127,  1.78388675173214e+127, 1.78388675173214e+127, 1.78388675173218e+127,  0, 1.93137871941804e-314, 2.05427256900931e-289, 5.11766988447659e-307,  1.13173753274883e-306, 4.79466498319481e+252, 1.14428394860397e+243,  2.05565104341144e-314, 0, 1.54132175045769e-305, 1.78388675173214e+127,  1.78388675173214e+127, 1.78388675173214e+127, 1.78388675173214e+127,  1.78388675173214e+127, 1.78388675173214e+127, 1.78388647996146e+127,  6.36722397736336e-270, 1.78388675173214e+127, 1.78388675173214e+127,  1.78388675173214e+127, 1.78399563153877e+127, 1.53063888665898e-18 ), .Dim = c(7L, 7L)))
result <- do.call(distr6:::C_EmpiricalMVPdf,testlist)
str(result)