testlist <- list(x = c(7.09901525832184e-304, NaN, 3.17241761551937e-115,  NaN, -1.06817373190923e+297, 3.53369545915248e+72, 7.21902962651992e-304,  NA, 0, NaN, 3.53369546676705e+72, -Inf, NaN, 1.26480805335359e-320,  9.56975204815473e+199, -1.34765572425515e+28, -1.34765550943381e+28,  -1.34765550943381e+28, -1.34765550943381e+28, -1.34765550943381e+28,  -1.34765550943381e+28, -1.34765550943381e+28, -1.34765550943381e+28,  NaN, NaN, 9.94258812159781e-297, -2.62841742635227e-159, -1.34746874498879e+28,  -1.34765550943381e+28, 9.36372775213109e-97, 8.38205310386356e-309,  3.75454999954138e+72, 6.20030355631779e-305, -5.15256539532915e-36,  -3.74893602149077e-253, 7.09901525832184e-304, 3.13178067539484e-115,  3.04553020513337e-115, 2.67098019415131e+161, -3.31318983418527e+304,  2.41737079499033e+35, -569678700442812416, -4.20485098002948e-140,  NaN, 3.9110722158859e-274, -1.32773811596819e+28, 8.38205310411369e-309,  3.75454999954138e+72, 6.20030355631779e-305, -5.15256539532915e-36,  1.42760931482206e+181, 1.3860909794621e-309, 2.33251001679308e-308,  -4.19987381709656e-140, 7.20834935387592e-304, 8.85470246026103e-159,  5.48679624958878e-310, 1.28808241874738e-314, 1.91561942608236e+53,  0, 6.71950762767905e-308, -5.82852024984172e+303, 3.03385193930756e-294,  -2.62841742635227e-159, -1.34746874498881e+28, -1.34765550943381e+28,  9.36372775213109e-97, 8.38205310386356e-309, 3.75454999954138e+72,  6.20030355631779e-305, -5.15256539532915e-36, -3.74893602149077e-253,  7.09901525832184e-304, Inf, 3.04553020513337e-115, -2.11971391338652e+27,  2.12429265028874e+183, -2.94432088747322e+47, -2.94449594579902e+47,  NaN, 0), y = c(3.53369545912461e+72, NaN, 0, NaN, NaN, 9.94258812159781e-297,  -2.62841742635227e-159, 3.24802511829839e+35, -5.82804036435205e+303,  5.43230922486616e-312, -5.48612406879369e+303, 1.2302234581447e-321,  0, 0, 0, 2.52810523153379e-95, 2.58981145684914e-307, -2.75602219083375e+307,  -8.11058263272857e+298, 1.42760931482206e+181, 1.38609097946206e-309,  3.85693980766262e-310, 8.9801371788105e-320, -1.06820023622602e-255,  NaN, 2.97403381695557e+284, 4.17982416193274e-297, 9.96873326402137e-309,  -1.34765550943381e+28, 2.18011030958815e-106, NaN, NaN, 8.85449459061086e-159,  3.53369545916418e+72, 2.76383203481844e-259, 3.13703838348227e-115,  1.90276391784976e-308, 6.51960956380587e-311, -3.74890975345391e-253,  5.97468560415014e-92, 2.58981145684914e-307, 2.62820488311394e-307,  2.77430056092499e+180, 2.75827097243341e+180, 2.77448001762434e+180,  2.78210573969021e+180, 2.77448001762435e+180, 2.77448001762435e+180,  2.77448013343959e+180, 2.58981198699849e-307, 2.14979681167059e-312,  3.24180903818828e+178, NaN, -3.85146315918759e-34, 2.10214262117917e-314,  3.26416712680082e+176, NaN, 2.2273374483308e-310, -4.67606356178103e+305,  NaN, NaN, NaN, 0))
result <- do.call(blorr:::blr_pairs_cpp,testlist)
str(result)