testlist <- list(x = c(3.53369807876774e+72, NaN, 2.12199579047121e-314,  0, 0, 0, NaN, 8.90874679319676e+194, 8.90874679343703e+194, 8.90874679343703e+194,  NaN, -5.48612928811163e+303, 0, NaN, NaN, 9.94258812159781e-297,  -2.62841742635227e-159, -1.34746874498879e+28, -1.34765550943381e+28,  9.36372775213109e-97, 8.38205310386356e-309, 3.75454999954138e+72,  6.20030355631779e-305, -5.15256539532915e-36, -3.74893602149077e-253,  7.09901525832184e-304, 3.13178067539484e-115, 3.04553020513337e-115,  -5.15273908894498e-36, 9.9268544386519e+247, 1.62597497544489e-260,  -5.5399127762151e+303, -8.11058263272857e+298, 0, NaN, -3.85185988877447e-34,  1.35805608626077e-309, 0, 0, 0, 0, 6.21678454384357e-315, 2.72312037271473e+180,  -2.01345623531458e-193, -5.12724957666106e-63, 2.77448001762431e+180,  2.7744503379724e+180, 6.79243528884609e+199, 2.77448001762613e+180,  2.77448001762435e+180, 3.98474198428721e+252, -5.86676311702394e-196,  -4.6175156654132e+305, NaN, NaN, NaN, NaN, NaN, 1.66902005530618e-308,  -7.98824203857711e-280, -3.31318983418522e+304, 2.41737079499033e+35,  0, 0, 0, 0, NA, 3.70549234380935e-322, 3.14219009897342e-115,  NaN, NaN, NaN, 8.28904556439245e-317, 0, 0, 1.91561942608236e+53,  0, 6.71950762767905e-308, 1.5989027593672e-112, 6.93840843682029e+75,  -5.82852024984141e+303, NaN, 2.18446626481946e-305, 1.51250223467716e-312,  NA, 0, 0, -3.58051821850259e-253, NaN, 2.05841906688803e+183,  NaN, -8.47236935582202e-183, 2.14326092527415e-312, -1.08844701442623e+307,  0), y = c(1.00496080384911e+180, -3.58240955209166e-253, 5.97468560415014e-92,  2.148213648997e+185, -1.34765551027296e+28, 5.94925964174781e-315,  -1.29983704124965e+28, -1.34765550943381e+28, 5.48679625169656e-310,  -2.63554396502019e-82, 3.91446262983731e-306, -6.85765508599211e+303,  7.2911220195564e-304, 0, 0, 0, NaN, 8.42005993091602e-315, 3.37480221224063e-312,  0, 5.18571301874972e-320, 5.67816869859496e-275, 1.61363554913158e+36,  -2.63527893882846e-82, 3.53369545917587e+72, -4.02643840005466e-87,  3.91446262983731e-306, -6.85765508599211e+303, 2.14329863933057e-312,  1.04857559801461e-255, 3.13703838348227e-115, 2.1432160715986e-312,  5.21812868452051e+279, NaN, 7.9512191119329e+36, 7.73314223576263e+36,  8.22588626298866e+73, -4.02164872512282e-87, 9.11136725309762e-311,  7.95116739574987e+36, NaN, 3.98479102329806e+252, 2.14835464678739e-312,  1.3976093973942e-258, NaN, 1.90276391791462e-308, 1.00496080384911e+180,  -3.58240955209166e-253, 5.97468560415014e-92, 2.148213648997e+185,  -1.34765551027296e+28, 5.94925964174781e-315, -1.29983704124965e+28,  -1.34765550943381e+28, -1.34765550943381e+28, -1.34765550943381e+28,  -1.34765550943381e+28, -1.34765550943381e+28, -1.34765550943381e+28,  8.67777804009995e+245, 3.53369545912453e+72, NaN, -1.09757353584327e+297,  0, 2.14321574887493e-312, 5.24154074067713e+279, 9.94246486511075e-297,  9.50636465487261e-310, -1.08844647949436e+307, 6.71984029550559e-304,  0, 0, 0, 0, NaN, 3.7089802175934e+299, 1.24998608397835e-321,  0, 0, 0, -1.34497461904945e-284, 5.21813059839958e+279, 8.38205310412732e-309,  NaN))
result <- do.call(blorr:::blr_pairs_cpp,testlist)
str(result)