testlist <- list(x = c(NaN, 7.06327447002585e-304, -8.9150071938665e+303,  1.390671161567e-308, 6.81554798003214e+199, 1.47285909681734e-319,  2.62024697577808e-304, 1.01184644268287e-320, 5.36864935114214e-312,  -3.58041155457252e-253, -2.21724375766891e-253, -4.20485099563916e-140,  NaN, -3.4066563480951e-83, -1.04720942809493e+270, 9.34625762355256e-307,  NaN, 3.53369545917581e+72, 4.99006302299659e-322, 0, -1.491667821162e-154,  -2.4220830504079e+24, -1.34765550943381e+28, 7.23149031820527e-308,  5.77636583357087e-275, NaN, -9.40591696517169e+24, 3.27038503368328e-317,  1.00496080183837e+180, -2.09594355232913e+294, 3.06571532920587e-115,  1.42760981878813e+181, 7.23149031820522e-308, 5.77636583357087e-275,  2.05343407684666e-309, NaN, 4.53801979555547e+279, 2.78809680743581e+180,  3.75454999950397e+72, 9.06175379950708e-257, 2.77448001762435e+180,  -5.72462436259386e-196, 2.77448001671505e+180, 5.30381416408846e+180,  2.75827097243341e+180, 2.77448001762435e+180, 5.28555909360948e+180,  3.32248016478671e+178, 4.12233957413849e-299, -3.85185988650437e-34,  8.20786168559911e-317, 0, 0, 0, 0, 5.09911082268234e+182, 5.77636807742164e-275,  NaN, -8.1542028248312e-280, 7.06327447002603e-304, -3.74931033101325e-253,  -1.05168902913543e-176, 9.34704639616146e-307, 8.3975159971137e-315,  0, -2.37001899157646e+306, NaN, 1.03211490097508e-296, 5.2181291954879e+279,  -2.42208305489817e+24, -1.34765550943381e+28, 7.23149031820527e-308,  -Inf, NaN, -9.40591696517169e+24, 1.00496080260073e+180, -2.09594355232913e+294,  0), y = c(2.77448001715952e+180, 8.89492749487946e+252, 2.77448001762435e+180,  2.77448001762435e+180, 2.78207008525568e+180, 2.44987094222788e+35,  -5.15262865217513e-36, 1.42760931482206e+181, 1.3860909794621e-309,  2.28035984823431e-308, -4.19987381709656e-140, 7.20834935387592e-304,  8.85470246026103e-159, NaN, NaN, 1.56801113135657e-112, 8.910393388214e+282,  4.17982416193274e-297, -1.94754757063578e-284, -3.31318983418522e+304,  2.41737079499033e+35, 0, 0, 0, 0, -1.27708365252335e+305, 7.29112201955619e-304,  2.21483913630477e+34, 1.10990414547863e-317, 5.59621318408958e-275,  6.00547027244145e-145, -1.06335755117874e-176, -4.02250795184041e-87,  1.50661711236485e-312, -6.67113314602387e+306, -5.82852024984172e+303,  8.85449539944218e-159, 2.14327978499502e-312, 128978.107570072,  -2.01074948836577e-193, 1.63429140018893e-312, 2.11370674490681e-314,  -8.9150071938665e+303, NaN, NaN, 9.3633527093844e-97, NaN, NaN,  -1.07903048368308e+297, NaN, -8.15391703403251e-280, 1.00496080260072e+180,  3.44417168104348e+178, 2.14976409526111e-312, 0, -1.08844647949436e+307,  1.00496080260074e+180, -1.29006213161687e-152, 3.89921985597052e-274,  NaN, 1.390671161567e-309, NaN, NaN, 5.24154081494241e+279, 9.94246486511075e-297,  -1.29984381151472e+28, -1.34765550943381e+28, 2.2815699287538e-310,  1.26707338373663e-279, 3.13151157511685e-294, 5.73780435636711e+250,  8.85449459061071e-159, 3.53369545916418e+72, 2.76383203481844e-259,  3.13703838348227e-115, 1.90276391784976e-308, 6.51960956380587e-311,  -3.74890975345391e-253, 2.1801103095829e-106, -2.63522776921113e-82,  -3.079071722783e+296, 4.18006618602297e-297, 1.26696662905112e-279,  1.00496080260071e+180, NaN, -1.0633575525018e-176, -3.55667588114786e-136,  -2.88981979862237e+48))
result <- do.call(blorr:::blr_pairs_cpp,testlist)
str(result)