testlist <- list(x = c(1.10639270315221e+74, 1.10639270315221e+74, 1.10639270315221e+74,  1.10639270315221e+74, -2.63532743430377e-82, -3.079071722783e+296,  4.18006618602297e-297, 1.26707338641151e-279, NaN, NA, 3.32306998945247e+37,  4.8993279890826e-306, -4.80948513475625e+306, 5.48684425442826e-310,  0, 0, -2.43339720278629e-209, 5.50339608387342e-310, 0, 1.390671161567e-308,  1.10639307530518e+74, 1.10639270315221e+74, 1.10639270315221e+74,  -4.73574428008415e+305, NaN, 1.00496080260072e+180, 5.07050077194289e-116,  6.74540225366982e-304, 0, 0, 0, 2.02566914794911e-322, 1.26695632362966e-279,  8.28682114717519e+73, 1.59875023337886e-112, 7.0991513728242e-304,  3.13178067539484e-115, 1.106392536205e+74, -1.28986071694506e+294,  3.06571532920587e-115, 8.2261236579481e+73, -2.260741251001e-156,  2.33694168337417e-260, 6.83454033553499e-304, 8.20786168559911e-317,  0, 8.70018274295762e-313, 0, 0, 5.09911082268234e+182, 5.77636807742164e-275,  NaN, -8.1542028248312e-280, -3.85185988649917e-34, -3.74931033101325e-253,  -1.05168902913543e-176, 9.34704639616146e-307, 0), y = c(4.64001120670615e-205,  7.23149031820527e-308, 5.77636583357087e-275, NaN, -9.40591696517169e+24,  5.1017122423986e+131, -1.3343017489885e+307, NA, -6.03154049298035e-86,  2.54672248582809e-313, 1.42760928130527e+181, 7.23149031820522e-308,  5.77636583357087e-275, 2.05343407684666e-309, NaN, 2.14329853688112e-312,  0, 1.62597454369523e-260, 2.13959396519322e+181, 2.14976409526111e-312,  0, -1.06820023622602e-255, NaN, 2.97403381695557e+284, 4.17982416193274e-297,  9.96873326402137e-309, -1.34765550943381e+28, 2.18011030958815e-106,  NaN, NaN, 8.85449459061086e-159, 3.53369545916418e+72, 2.76383203481844e-259,  3.13703838348227e-115, 1.90276391784976e-308, 6.51960956380587e-311,  -3.74890975345391e-253, 4.64001120670615e-205, 2.58981145684914e-307,  Inf, -6.67115915932496e+306, NaN, -1.06817373190923e+297, Inf,  7.21902962651992e-304, 4.99006302299659e-322, 2.7631356724052e+180,  7.54642307639806e+179, 2.43773964113643e+35, 2.45333072621769e+35,  3.36782810443474e-310, 2.17388884170148e-322, 3.439062503633e-318,  -2.21439301489473e-159, 2.67123006549772e+161, -2.62896574029076e-159,  -1.34746874498879e+28, -1.34765550943381e+28, 2.58981199050655e-307,  3.25051506832007e+178, -9.05083847306667e+303, 6.20030355631782e-305,  6.71984029545263e-304, 0, 0, 0, 0, 1.42740904212728e+181, -1.01810330038712e+80,  -6.67115915940654e+306, -5.82900682309329e+303, -1.08193841662861e+307,  6.40610294902753e-145, 5.48674796870944e-310, -2.6355489919319e-82,  1.00496080260074e+180, 0, 2.0971286527899e-314, 1.26364698498917e-306,  0))
result <- do.call(blorr:::blr_pairs_cpp,testlist)
str(result)