testlist <- list(x = c(-1.08844701442623e+307, 1.27745613388713e-319, 0,  -2.37001899157646e+306, 2.15553534357437e-312, 1.28135925248927e-319,  0, NaN, NaN, 9.94258812159781e-297, -2.62841742635227e-159, -1.34746874498879e+28,  -1.34765550942756e+28, 2.2815699287538e-310, 1.26707338373663e-279,  7.29111855643999e-304, -1.30736177482179e+28, -1.05168902913543e-176,  -7.99910624398737e-280, -3.31318983418522e+304, 9.74576447753728e-113,  5.07588390157017e-116, -1.06335755105416e-176, 1.42575896990055e+214,  1.51252531380757e-312, 3.70898021189245e+299, 1.24998608397835e-321,  0, 9.34704853628954e-307, NaN, -8.34183228774499e-183, 1.69469457180006e-319,  NaN, 3.23785921002061e-319, 0, 0, 1.390671161567e-308, 6.7198402955055e-304,  0, 0, 3.95252516672997e-323, 2.0971286527899e-314, 1.42740904212728e+181,  -1.01810330038712e+80, -6.67115915940654e+306, -5.82900682309329e+303,  -1.08193841662861e+307, 6.40610294902753e-145, 5.48674796870944e-310,  3.78668983642404e-270, 0, 8.19190879996054e-317, -1.06335680677779e-176,  -3.55667588114786e-136, 7.20834935387592e-304, 2.12455197126707e+183,  NaN, -8.47236935582202e-183, 2.14326092527415e-312, -1.08844701442623e+307,  9.48263898297587e-307, 0, 1.62597454369523e-260, NaN, -1.34746874498879e+28,  2.41731986542639e+35, 3.62532369236519e-206, 8.38205310386356e-309,  3.75454999954138e+72, -3.05748363759603e+307, 3.12825483621438e-146,  1.37437423388795e-309, 0, 0, 0, 0, 4.18006618602297e-297, 1.26707338641151e-279,  NaN, -3.749311022013e-253), y = c(-4.80948513475625e+306, 5.48684425442826e-310,  3.28027968637254e-317, 0, NaN, NaN, 3.27041368949073e-317, 0,  0, 0, 0, 0, 0, 0, 0, -1.34497461904945e-284, 5.21813059839958e+279,  8.38205310412732e-309, NaN, 7.29112201955619e-304, -3.4066563480951e-83,  NaN, 9.34625762355256e-307, NaN, 3.53369545917581e+72, 4.99006302299659e-322,  0, -1.491667821162e-154, -2.4220830504079e+24, -1.34765550943381e+28,  7.23149031820527e-308, 5.77636583357087e-275, NaN, 6.60398436913904e-313,  3.07908049665631e-146, 1.42760931252157e+181, 5.07597049803999e-299,  -9.40623922350629e+24, 6.71868005586134e-308, -2.63527803258841e-82,  2.97403381360161e+284, 4.17982416193274e-297, 5.50339608387446e-310,  0, 1.390671161567e-308, 3.13136971322218e-294, -1.3476547798852e+28,  -1.34765550943381e+28, 5.10378587000346e-303, -4.20485099563897e-140,  7.05681447781244e-158, 3.39833555023577e+178, 0, 3.07908049665631e-146,  1.42760931252157e+181, 5.07597049803999e-299, 6.67565021955742e-308,  5.07672619029405e-116, 2.77427939401144e+180, 9.52136644801107e-307,  0, 4.92885042700146e-308, 1.42760931252157e+181, 2.7742797013545e+180,  -4.52519912452647e-87, 2.77442042339604e+180, 2.13940868537749e-305,  9.53011220339789e+280, -2.01345623369759e-193, 6.28074666596215e+181,  5.48679617560097e-310, -1.27856197940926e+306, -5.15273908894671e-36,  -7.72134029854232e-84, 7.15597569347109e-251, -1.28986071694503e+294,  3.06571532920587e-115, 2.41744047227089e+35, -2.30314481966022e-156,  8.38203192702138e-309, 5.38978674192259e-312, 1.390671161567e-308,  6.7198402955055e-304, 0, NaN, NaN, 1.25986739689518e-321, 1.01184644268287e-320,  2.77447923393836e+180, 2.45008560103069e+35, 5.40961324256362e+178,  2.06930173233488e+26))
result <- do.call(blorr:::blr_pairs_cpp,testlist)
str(result)