testlist <- list(x = c(3.21867040241349e-57, 3.21867040241349e-57, 3.21867040241349e-57,  3.21865338635609e-57, 3.21867040241349e-57, -3.85185988650437e-34,  -5.15273908896653e-36, -6.95715257111252e+306, NaN, -1.65652687672654e-181,  NaN, -1.06817373190923e+297, 3.53369545915248e+72, 7.21902962651992e-304,  4.99006302299659e-322, 0, NaN, 3.53369546676705e+72, 4.99006302299659e-322,  0, -1.491667821162e-154, NaN, -2.62841760552745e-159, 4.74156249361237e-296,  -1.3476547798852e+28, -1.34765550943379e+28, 5.10378587000346e-303,  -4.20485099563897e-140, 7.05681447781244e-158, 3.39833555023577e+178,  3.07908049665631e-146, 1.42760931252157e+181, 1.38609097946206e-309,  1.95796391717585e+179, 3.06535787538419e-115, 1.59875023337884e-112,  1.61363450431322e+36, 2.58152196486215e-307, 2.54993286151668e-112,  -6.67115915932496e+306, 9.92689288490321e+247, -9.05084169418764e+303,  8.39168901158993e-315, 3.53369412955677e+72, 2.76383203481844e-259,  3.13703838348227e-115, 1.90276393442785e-308, 2.13940868537749e-305,  5.48684381781657e-310, 3.28027968637254e-317, 0, NaN, NaN, 5.24154081494241e+279,  9.94246486511075e-297, -1.29984381151472e+28, -1.34765550943381e+28,  2.2815699287538e-310, 1.26707338373663e-279, 7.29111855643999e-304,  -1.30736177482179e+28, -1.05168902913543e-176, -7.99910624398737e-280,  -3.31318983418522e+304, 2.45008553839876e+35, NaN, -5.48612930076931e+303,  1.63019173062588e-260, NaN, -1.4627167996599e-154, 5.62712669660784e-275,  NaN), y = c(NA, -3.31318983444068e+304, -1.34748164114962e+28,  5.10378587000346e-303, -4.20485099563897e-140, 7.05681447781244e-158,  3.39833555023577e+178, 3.07908049665631e-146, -3.61841824398353e-138,  -4.02250795184041e-87, 9.41511999461622e-307, 6.71884980898386e-308,  3.13703838348227e-115, 2.43527785609312e+35, 9.01521583966523e-320,  NA, 0, 2.80776924458439e-85, 7.69950583102369e+218, 0, 0, 0,  6.71950762767905e-308, -5.82852024984172e+303, -3.74893795732318e-253,  7.09901525832184e-304, 2.55883546567577e-307, -3.4062353736558e-83,  NaN, -Inf, NaN, 8.3722599047705e-315, 9.34665314051611e-307,  1.390671161567e-308, 9.60367083246493e-307, 8.3975159971137e-315,  0, -2.37001899157646e+306, NaN, NaN, NaN, 2.72312037274469e+180,  -2.01345623531458e-193, -5.12724957666106e-63, 2.77448001762431e+180,  2.7744503379724e+180, 6.79243528884609e+199, 2.77448001762613e+180,  2.77448001762435e+180, 3.98474198428721e+252, -5.86676311702394e-196,  9.36390908182428e-307, 1.42760928130527e+181, 2.35004462984818e+179,  3.87206480335272e-310, 3.14249917735086e-115, 7.20834935387571e-304,  3.21687814611027e+181, 1.81250437761959e-207, 5.48679624928582e-310,  -1.27856197940926e+306, 1.60078058684869e-112, -1.08844648158026e+307,  3.21687814905717e+181, 1.81250437761959e-207, -1.34765550658401e+28,  5.77636796151408e-275, NaN, -9.40591696517169e+24, 1.00496080260073e+180,  -7.99990688549151e-280, 0))
result <- do.call(blorr:::blr_pairs_cpp,testlist)
str(result)