testlist <- list(x = c(5.21813059839958e+279, 8.38205310412732e-309, NaN,  NaN, 3.37287340788555e-28, -1.06817373190452e+297, 3.53369545915248e+72,  7.21902962651992e-304, 4.99006302299659e-322, 0, NaN, NA, 4.99006302299659e-322,  0, -1.491667821162e-154, NaN, -2.62841760552745e-159, 4.74156249361237e-296,  -1.3476547798852e+28, -1.34765550943381e+28, 5.10378587000346e-303,  -4.20485099563897e-140, 7.28275790469759e-158, 3.39833555023005e+178,  3.07908049665631e-146, -5.15273908898866e-36, -6.95715257111252e+306,  NaN, -1.65652687672654e-181, NaN, -1.06817373190923e+297, 3.53369545915248e+72,  7.21902962651992e-304, 4.99006302299659e-322, 0, NaN, 3.53369546676705e+72,  4.99006302299659e-322, 0, -1.491667821162e-154, NaN, -2.62841760552745e-159,  4.74156249361237e-296, -1.3476547798852e+28, -1.34765550943381e+28,  5.10378587000346e-303, 1.4276093125172e+181, -6.01822889902839e+218,  1.80564767818266e-304, -2.60722711581973e+287, -8.34183228785457e-183,  1.69469457180006e-319, NaN, 3.23785921002061e-319, 0, 0, 1.390671161567e-308,  -1.9647853690198e-157, 1.08789947696088e+160, -5.53969971627049e+303,  -5.82772308838938e+303, 7.05681100713644e-158, 3.39833555023577e+178,  0, NaN, 1.42760931252157e+181, 3.89921985597055e-274, Inf, 9.52783615860933e-307,  5.07672619029405e-116, 2.77427939401144e+180, 2.77442042555595e+180,  7.29112201955625e-304, NaN, 1.14638071047393e-282, -7.72435253122699e-84,  0, 0, 0, 0, 0, 0, 0, 3.53369545912445e+72, 1.19180761479082e+253,  7.29112201955627e-304, -5.15273908320839e-36, 3.241812119636e+178,  NaN, 3.7670224471238e+299, 5.09911082268249e+182, 5.77636807742164e-275,  0), y = c(-4.94633433827342e-63, 2.77447931662162e+180, 1.62969278118879e-309,  -6.67115915940654e+306, 8.90771002988687e-159, 3.93622100041721e-320,  2.17388884170148e-322, -Inf, -1.06335755117019e-176, 2.78675674102252e-309,  2.77448001456308e+180, 2.41749831502455e+35, 2.77448001762258e+180,  5.30381416408846e+180, NaN, 2.67123006549035e+161, NaN, 2.4174974765136e+35,  NaN, 8.85449459061086e-159, 3.53369545916418e+72, -2.15534811524097e+294,  3.06571538971512e-115, -1.303145228681e+28, 9.36372775213109e-97,  8.38205310386356e-309, 3.75454999954138e+72, 6.20030355631779e-305,  -5.15256539532915e-36, 1.42760931482206e+181, 1.3860909794621e-309,  1.95796391717585e+179, 3.06535787538419e-115, 1.59875023337884e-112,  1.61363450431322e+36, -1.51771007362558e+82, 2.41737057128111e+35,  2.41737052401888e+35, 5.10427213918618e-303, 8.8544945906106e-159,  0, 3.24180903818828e+178, NaN, -1.0681294509531e+297, 6.57107308968858e-322,  0, -562949953421312, -4.20485098002948e-140, 6.79759965574363e-310,  NaN, 5.43230922486616e-312, 0, 3.25051197669011e+178, -1.46073339517924e+146,  NaN, Inf, 2.77448001762434e+180, 2.78210573969021e+180, 2.77448001762435e+180,  1.0090627119546e-296, 6.62792589221681e-310, 5.72853986049908e-310,  0, 0, 4.18006618602297e-297, 1.26707338641151e-279, 0))
result <- do.call(blorr:::blr_pairs_cpp,testlist)
str(result)