testlist <- list(x = c(-1.30736177482179e+28, 9.08217781115584e-97, 1.39065275988475e-309,  -1.91228294453964e-157, 2.77448001761239e+180, 2.58981199050757e-307,  2.77430056092499e+180, 2.75827097243341e+180, 2.77448001762435e+180,  2.78210573969021e+180, 2.77448001762435e+180, -1.94798880923657e-157,  2.77448120514251e+180, 7.95092460889094e+36, 2.77430056090702e+180,  -3.74931102202857e-253, 3.32306998945247e+37, 4.8993279890826e-306,  -4.80948513475625e+306, 5.48684425442826e-310, 8.70051077092625e-313,  0, NaN, 3.91107305076628e-274, -1.34765550943377e+28, 9.11136727638145e-311,  -6.67113314602392e+306, -5.82852024984172e+303, 8.85449539944218e-159,  2.14327978499502e-312, 2, 128978.107570072, 1.59875023337884e-112,  8.98637298518713e-243, 1.6690200483343e-308, 5.48666560282039e-310,  2.41749831502455e+35, -1.08572577589198e-176, 5.41949403507644e-312,  -6.67115913847876e+306, 8.90771002988687e-159, 9.34665314051611e-307,  0, 5.65896446765599e+294, -1.06335755117019e-176, -4.02250795184041e-87,  2.1432157661771e-312, -5.15913603644433e+266, -2.5190149251882e-179,  1.95796391691774e+179, 2.54639494915833e-313, NaN, -1.05168902913543e-176,  NaN, 2.84327559495215e-312, NaN, 5.43230922486616e-312, 0, 0,  0, 3.56011718051879e-305, 8.88744131392326e+35, NaN, 4.53801979555547e+279,  0, 0, 4.18006618602297e-297, 1.26707338641151e-279, NaN, -3.749311022013e-253,  2.12198547981524e-314, 0, 3.32653112500637e-111, 3.32306796122133e+37,  4.8993279890826e-306, -4.80948513475625e+306, 5.48684425442826e-310,  3.28027968637254e-317, 0, NaN, 3.91107305076628e-274, -1.34765550943377e+28,  9.11136727638145e-311, -6.67113314602392e+306), y = c(-9.44106360694729e+218,  -7.98824254954574e-280, 2.77467038476091e+180, -1.31661598345418e+28,  8.38205310411369e-309, 3.75454999954138e+72, 6.20030355631779e-305,  -5.15256539532915e-36, 1.42760931482206e+181, 1.3860909794621e-309,  2.33251001679308e-308, -4.19987381709656e-140, 7.20834935387592e-304,  8.85470246026103e-159, 5.48679624958878e-310, -1.27856197940926e+306,  NaN, -3.74923748453534e-253, -2.21724375766891e-253, -4.20485099563916e-140,  7.2911220195564e-304, -3.4066563480951e-83, NaN, 9.34625762355256e-307,  NaN, 8.3722599047705e-315, 0, 1.390671161567e-308, 9.60367083246493e-307,  8.3975159971137e-315, 0, -2.37001899157646e+306, NaN, 1.03211490097508e-296,  5.2181291954879e+279, -2.42208305039457e+24, -1.34765550943381e+28,  7.23149031820527e-308, 5.77636583357087e-275, NaN, -9.40591696517169e+24,  1.00496080260073e+180, -2.09594355232913e+294, 3.06571532920587e-115,  -4.03496294643223e-87, 2.54672248582809e-313, 1.42760928130527e+181,  2.35004462984818e+179, 3.87206480335272e-310, 3.14249917735086e-115,  7.20834935387571e-304, -1.27708365162912e+305, 7.29112201955619e-304,  2.21483913630477e+34, 8.12749650080083e+73, 5.48671626727803e-310,  -1.06812920585108e+297, -1.06812920585333e+297, -4.4610881607846e-140,  7.29112201950355e-304, -1.06987935530908e+297, -1.06810924745023e+297 ))
result <- do.call(blorr:::blr_pairs_cpp,testlist)
str(result)