testlist <- list(x = c(2.32105282822477e-312, 0, 0, 0, 4.18006618602297e-297,  1.26707338641151e-279, 2.58981109618695e-307, -3.749311022013e-253,  3.32306998945247e+37, 4.8993279890826e-306, -4.80948513475625e+306,  5.48684425442826e-310, 3.28027968637254e-317, 0, 2.28276645082959e+77,  2.76383203481844e-259, 3.13703838348227e-115, 1.90276391784976e-308,  6.51960956380587e-311, -3.74890975345391e-253, 2.1801103095829e-106,  NaN, 1.51678090430012e-301, 4.99006302299659e-322, NA, NaN, 5.48671651771912e-310,  -2.6355489919319e-82, -1.32412525117938e-182, -8.28227381717799e-183,  -4.20547890749659e-140, -7.97871426361575e-84, 4.74156249361241e-296,  -1.3476547798852e+28, NA, 5.10378587000346e-303, -4.20485099563897e-140,  7.05681447781244e-158, 3.39833555023577e+178, -Inf, 1.42760931252157e+181,  1.38609097946206e-309, 1.95796391717585e+179, 3.06535787538419e-115,  1.59875023337884e-112, 1.61363450431322e+36, -3.69867056150403e-159,  5.59621318411579e-275, 2.58981109618695e-307), y = c(6.71951027017665e-308,  -6.67115914673898e+306, NaN, 2.05841906688803e+183, NaN, -8.47236935582202e-183,  2.14326092527415e-312, -1.08844701442623e+307, 9.48263898297587e-307,  0, 1.62597454369523e-260, 2.13959396519322e+181, -2.01074963189362e-193,  NaN, 1.43760489667651e+161, 1.31555786616523e-312, 0, 0, -1.34497461904945e-284,  5.21813059839958e+279, 8.38205310412732e-309, NaN, -1.01983747078248e+80,  -1.30145435428842e+305, 3.35223585022708e+178, NaN, -1.34765550943253e+28,  9.36372775213109e-97, 8.38205310386356e-309, 3.75454999954138e+72,  6.20030355631779e-305, -5.15256539532915e-36, -3.74893602149077e-253,  7.09901525832184e-304, 3.13178067539484e-115, 3.04553020513337e-115,  -2.11971391338652e+27, 9.36372775213109e-97, 8.38205310386356e-309,  3.13329174323522e-314, 4.8212389505418e+279, 7.95116598944994e+36,  6.38395078061776e-315, 1.75738820751464e+159, 7.95116740810021e+36,  6.38395078061776e-315, 1.75738820751464e+159, NaN, NaN, NaN,  7.7877585047752e-308, -8.15391586193813e-280, -8.15391586193819e-280,  -6.6724983911342e+306, 1.39067116156574e-309, 1.04857557831582e-255,  3.13705387384993e-115, -4.48546878382412e+24, 2.2815699287538e-310,  1.26707338373663e-279, 7.29111855643999e-304, -1.30736177482179e+28,  2.77447923393836e+180, 2.45008560103069e+35, 5.40961324256362e+178,  2.06930173233488e+26, 2.77448001762435e+180, 8.89492749487946e+252,  4.48309464024909e-120, 2.77448001762432e+180, 2.77448001762435e+180,  2.77448001762435e+180, 2.58981199050757e-307, 9.52157095840666e-307,  8.70018274295762e-313, 1.40591056079475e+161, 2.12429265039591e+183,  -2.01074924241467e-193, 9.34652569230469e-307, 5.65896446765599e+294,  -5.15273908894684e-36))
result <- do.call(blorr:::blr_pairs_cpp,testlist)
str(result)