testlist <- list(x = c(2.11796780515055e+36, NaN, 2.3001503802635e-312, -1.53486954680247e-128,  -7.84591167639454e+298, -7.84591167639454e+298, -7.84591167639454e+298,  -7.84591167639454e+298, -7.84591167639454e+298, -7.84591167639454e+298,  1.11144620677394e-308, 7.54642389213937e+179, -4.20485099563915e-140,  7.05681447781244e-158, 3.39833555023577e+178, 3.07908049665631e-146,  -3.61841824398353e-138, -4.02250795184041e-87, 9.11136725309762e-311,  Inf, -5.82852024984172e+303, 8.85449539944218e-159, 2.14327978499502e-312,  1.04857559801461e-255, 3.13705387384993e-115, 1.90276391784976e-308,  6.51960956380587e-311, -3.74890975345391e-253, -1.30954637697285e+28,  2.43527785609318e+35, 9.01521583966523e-320, 0, 3.16197072681939e-319,  0, 0, -1.59450487329563e-260, 8.2574263511899e-317, 0, 3.70549234380935e-322,  NA, -6.67112699379247e+306, -1.06335088197618e-176, -4.02250795184041e-87,  1.50661711236485e-312, -1.34765550658402e+28, 7.18029963922638e-228,  1.62969278106055e-309, -6.67115915940654e+306, 8.90771002988687e-159,  5.48679571209595e-310, -1.06812920585108e+297, -1.06812920585333e+297,  -4.4610881607846e-140, 7.29112201950355e-304, 1.38894560445247e-309,  3.53369545912445e+72, -3.7493103281793e-253, 1.47738439244039e-308,  NaN, NaN, NaN, 0), y = c(8.02122686268216e-312, 3.78576699573368e-270,  1.42578813760818e+181, 1.38609097946206e-309, 7.95116740191495e+36,  -5.48612564281542e+303, 5.41108926726282e-312, 1.63019173062588e-260,  NaN, -1.06812945095611e+297, NaN, NaN, 6.20030355632113e-305,  -5.15256539532915e-36, 1.42760931482206e+181, 1.3860909794621e-309,  1.95796391717585e+179, 3.06535787538419e-115, 1.59875023337884e-112,  2.58981199050655e-307, NaN, 1.86679591372734e+159, 9.08217799640982e-97,  1.39065275988475e-309, 1.64548574512489e-257, 2.35004463389232e+179,  3.87206480335272e-310, 0, 1.35805608625986e-309, NaN, -7.8439930452295e-84,  -1.05168902913543e-176, NaN, 1.4276097574643e+181, -1.01983747019238e+80,  NaN, 6.71942139977654e-308, 1.39065275988475e-309, NaN, 1.37705074387551e-309,  0, 0, 0, 0, -1.06335680677779e-176, -3.55667588114786e-136, -3.78924802929145e-159,  -4.86754702057853e+305, NaN, 6.40610127504957e-145, 5.48674796870944e-310,  -2.6355489919319e-82, 1.00496080260074e+180, 0, 0, NaN, NaN,  -8.37116099364271e+298, 1.02064076299239e-202, -1.34765550658401e+28,  4.19672516587699e-312, 3.64718026572156e-315, 1.91972798107507e-309,  2.58675525645917e+161, 9.34665314056804e-307, 5.65896446765599e+294,  -1.06335755117019e-176, -4.02250795184041e-87, 9.41511999461622e-307,  6.71884980898386e-308, 2.1516328617932e-312, 1.04857559801461e-255,  3.13705387384993e-115))
result <- do.call(blorr:::blr_pairs_cpp,testlist)
str(result)