testlist <- list(x = c(5.43230922486616e-312, NaN, 0, 0, 3.12825396359887e-146,  3.20618960212219e-319, 0, 6.63123684676648e-316, 6.60757933022299e-304,  0, 4.18006618602297e-297, 1.26707338641151e-279, NaN, -3.749311022013e-253,  3.32306998945247e+37, 4.8993279890826e-306, -4.80948513475625e+306,  5.48684425442826e-310, 3.28027968637254e-317, 0, 5.09911082268234e+182,  5.77636807742164e-275, NaN, -8.1542028248312e-280, -3.85185988649917e-34,  -3.74931033101325e-253, -1.05168902913543e-176, 9.34704639616146e-307,  8.3975159971137e-315, 0, -2.37001899157646e+306, NaN, 1.03211490097508e-296,  5.2181291954879e+279, -2.42208305489817e+24, -1.34765550943381e+28,  7.23149031820527e-308, 5.77636583357087e-275, NaN, -9.40591696517169e+24,  1.00496080260073e+180, -2.09594355232913e+294, 3.06571532920587e-115,  -4.03496294643223e-87, 2.54672248582809e-313, 1.42760928130527e+181,  1.39028410208829e-315, 1.390671161567e-308, -4.73574659118105e+305,  NaN, 5.0453059431966e+182, 3.91135427752315e-274, -1.34765550943377e+28,  9.11136241951853e-311, 3.48139955205997e-315, -7.9880732574585e-280,  9.11136590428902e-311, -6.67113314602392e+306, 6.57107308968858e-322,  -5.82852024984172e+303, -1.27860820811084e+306, 1.59875023337884e-112,  6.93840843682029e+75, 2.29891511777549e-317, 3.13329166270252e-314,  -4.94633433827342e-63, 2.77447931662162e+180, 2.7585717262016e+180,  2.77448001762435e+180, Inf, 2.77448001762435e+180, 2.77448001762435e+180,  2.77448001457499e+180, 9.36335270938489e-97, 0, 6.03822262496332e+250,  -1.34771050369774e+28, -1.34765550943381e+28, -1.34765550943381e+28,  -1.34765550943381e+28, -1.34765550943381e+28, -1.34765550943381e+28,  -1.34765550943381e+28, -1.34765550943381e+28, 2.67110515311338e+161,  2.5592678244386e-307, 3.89496571423258e-308, NA, -1.34765550943381e+28,  -1.34765550943381e+28, -1.34765550943381e+28, 9.34665315778333e-307,  NaN, -3.07918242955014e+296, 4.18006618602297e-297, 1.26707338641151e-279,  -2.94449594723056e+47, 0), y = c(0, 0, 5.18571301874972e-320,  5.67816869859496e-275, 1.61363554913158e+36, 5.77619590704914e-275,  3.13113228883869e-294, 3.12825483621438e-146, -1.96651323918701e+148,  NaN, NaN, 9.36372775213121e-97, NaN, 4.89932799190072e-306, -4.80948513475625e+306,  -3.85185988650437e-34, -1.06335755282401e-176, -3.5567151822523e-136,  NaN, 1.62597560178596e-260, 2.13959396519322e+181, 2.14976409526111e-312,  0, -1.06820023622602e-255, -1.05168902913543e-176, 3.12825423209799e-146,  4.33849418991761e-317, NaN, 8.28904556439245e-317, 0))
result <- do.call(blorr:::blr_pairs_cpp,testlist)
str(result)