testlist <- list(x = c(3.39833555023577e+178, 3.06571538971512e-115, -4.03496294643223e-87,  3.39833555023577e+178, 1.42760928130527e+181, 2.35004462984818e+179,  3.87206480335272e-310, 0, 1.35805608625986e-309, 0, 0, 0, 0,  6.21678454384357e-315, 0, 8.38203192702138e-309, -2.48350830986021e-253,  7.09901525832184e-304, 2.55883546567577e-307, -1.28986071826476e+294,  2.33250967149806e-308, NaN, -5.39965888327551e+146, 3.75225594228181e-101,  -3.75175918555313e+26, 1.26707338627333e-279, 7.29111855643999e-304,  -1.30736177482179e+28, -1.05168902913543e-176, 3.39833555023577e+178,  7.09901525832349e-304, 7.18029602059721e-228, 1.62969278106055e-309,  3.39833555023577e+178, 8.90771002988687e-159, 9.34665314051611e-307,  5.65896446765599e+294, -7.29621263978862e-36, 2.13607198705049e-305,  -2.60722711581973e+287, NaN, -Inf, 0, 0, 6.953355807835e-308,  0, -5.4941969960306e+303, 9.48312416197914e-307, 0, 3.00384970898472e-307,  0), y = c(-5.15273907786594e-36, -6.95715257111252e+306, NaN,  -1.65652687672654e-181, NaN, -1.06817373190923e+297, 3.53369545915248e+72,  7.21902962651992e-304, 5.50339608387342e-310, 0, 1.390671161567e-308,  -4.73574659118105e+305, -1.58456301121548e+29, 1.27745613388713e-319,  -1.0516890291309e-176, -7.99910624398737e-280, 3.06571468032252e-115,  2.41749831477999e+35, 1.52973827771396e-308, 1.3953860590809e-258,  2.75922444809418e+180, -3.73141822521491e+305, -3.83977202209372e+304,  5.43223734329487e-312, 1.47738439242086e-308, 2.4174983147799e+35,  9.74099827340602e-320, -1.46271609115559e-154, NaN, NaN, NaN,  9.41514254081596e-307, 6.71884980898386e-308, 0, -4.39620248439896e+279,  0, 0, 5.0758836746313e-116, 5.07588390157017e-116, -1.06335755105416e-176,  2.2815699287538e-310, 1.26707338373663e-279, 1.27745613388713e-319,  0, 0, 4.18006618602297e-297, 1.26707338641151e-279, 7.7877585047752e-308,  8.0382380478759e+173, 2.80772409836971e-85, 2.58699776956768e+161,  -4.80948513478164e+306, 5.48684425442826e-310, 3.28027968637254e-317,  0, NaN, NaN, -8.15391586839014e-280, 2.05226840064919e-289, NaN,  0, 0, 0, -2.37001899157646e+306, 5.37910446825878e-312, 0, 1.03845937170697e+34,  1.39067116124325e-309, 1.64548574512489e-257, 6.40666337467195e-145,  1.86679591372734e+159, -2.63522781561022e-82, -2.62841760552745e-159,  4.74156249361237e-296, 3.30095661993458e+180, NaN, NaN, -5.82804036435205e+303,  5.43230922486616e-312, 2.41728461317376e+35, 1.47738439242075e-308,  -2.46875582418715e+304, -3.73141822520126e+305, 7.78671448353401e-308,  3.75454999954138e+72, 6.20030355631779e-305, -5.15256539532915e-36 ))
result <- do.call(blorr:::blr_pairs_cpp,testlist)
str(result)