testlist <- list(x = c(9.46922070913769e-307, -3.31318983418522e+304, 9.74576447753728e-113,  5.07588390157017e-116, -1.06335755105416e-176, 1.42575896990055e+214,  -3.6184164244451e-138, -4.02250795184041e-87, 9.11136725309762e-311,  -6.67113314602392e+306, -5.82852024984172e+303, 8.85449539944218e-159,  2.14327978499502e-312, 1.04857559801461e-255, 1.93059187450955e-197,  1.93059187450955e-197, 1.93059187450955e-197, 1.93059187450955e-197,  1.93059187450955e-197, 1.93059187450955e-197, 1.93059187450955e-197,  1.93059187450955e-197, 1.93059187450955e-197, 1.93059187450955e-197,  -7.29621263979276e-36, -7.72134029854232e-84, NaN, -1.28986071694503e+294,  3.06571532920587e-115, 2.41744047227089e+35, 3.50786608547285e-322,  -5.48612406879369e+303, 1.2302234581447e-321, 0, 0, 0, 3.00384970898472e-307,  0, -5.53991276347177e+303, -8.11058263272857e+298, 3.13703838348125e-115,  3.52477760693629e-307, 3.85693955055649e-310, 0, 5.3049065869526e-312,  0, 0, 0, 0, 2.43614679156435e-317, -562949953421312, -4.20485098002948e-140,  1.42581504096057e+181, 1.38609097946206e-309, 3.53369546322188e+72,  -2.15534811524097e+294, 3.06571538971512e-115, -4.03496294643223e-87,  2.54672248582809e-313, 1.42760928130527e+181, 2.35004462984818e+179,  3.87206480335272e-310, 0, 1.35805608625986e-309, 0, 0, 0), y = c(2.55885074404546e-307,  4.18006618466367e-297, 1.26707338641151e-279, NaN, -3.749311022013e-253,  3.32306998945247e+37, -1.06817373366298e+297, 3.53369545915248e+72,  7.21902962651992e-304, 5.50339608387342e-310, 0, 1.390671161567e-308,  NaN, 3.7089802175934e+299, 5.09911082268249e+182, 5.48680518089029e-310,  2.31696286470107e+77, -1.49960546094526e+126, 3.20757298593054e-319,  0, 0, 3.39850888396782e-315, 3.98438750765783e+252, 1.48125324260022e+214,  -1.49166771644097e-154, 9.4826389829761e-307, 0, 4.77735989878987e-288,  -5.48612406879378e+303, -2.33055476917948e-156, NaN, NaN, NaN,  2.33250874812601e-308, -4.19987381709656e-140, 7.20834935387592e-304,  8.85470246026103e-159, 5.48679624958878e-310, -1.27856197940926e+306,  3.24824615756883e+35, 2.45550145180096e+35, 7.0419507710895e-251,  -1.28986071694503e+294, 3.06571532920587e-115, 2.41744047227089e+35,  -2.30314481966022e-156, 3.53972978968195e+72, 1.19180761479082e+253,  -5.82852024991918e+303, NaN, 3.12825483619457e-146, 3.20618960212219e-319,  3.12825483621438e-146, 2.42964727985687e+35, 2.55883546565819e-307,  2.29891511777549e-317, 0, 3.16197072681939e-319, 0, 0, 0, 2.77764816781942e+54,  0, 6.71950762767905e-308, -5.82852024984172e+303, 1.59875023324488e-112,  6.93840843682029e+75, -5.15256539532915e-36, 1.42760931482206e+181,  1.3860909794621e-309, 1.95796391717585e+179, 3.06535787538419e-115,  1.59875023337884e-112, 1.61363450431322e+36, 2.30793033361515e-317,  0, 8.09464506065765e-317, 0, 0, 0, 7.105427357601e-15, 3.70549234380935e-322,  3.14219009897342e-115, 7.20834935387571e-304, -5.15273898967138e-36,  -7.72134029854232e-84, 1.03845964637546e+34, -1.01810330038712e+80,  -6.67115915940654e+306, -5.82900682309329e+303, -1.08193841662861e+307 ))
result <- do.call(blorr:::blr_pairs_cpp,testlist)
str(result)