testlist <- list(x = c(32.5019607843137, 3.12819067399018e-146, 4.33849418991761e-317,  NaN, 8.28904556439245e-317, 1.51252535118364e-312, 0, -5.82766743733431e+303,  -1.06820023622602e-255, NaN, 8.02122698030437e-312, NaN, 3.87206513759831e-310,  1.06268750323613e-309, 0, 2.59032689326815e-318, 1.37437423389239e-309,  -1.34497461904945e-284, NaN, -3.55667588114791e-136, NaN, 2.05841906688803e+183,  NaN, NaN, 3.7089802175934e+299, 5.09911082268249e+182, 5.77636807742164e-275,  NaN, -8.1542028248312e-280, -3.85185988649917e-34, -3.74931033101325e-253,  -1.05168902913543e-176, 9.34704639616146e-307, 0, 0, -1.491667821162e-154,  9.4826389829761e-307, 0, 1.62597454369523e-260, 2.13959396519322e+181,  NaN, -5.39965888327551e+146, 3.75225594228181e-101, -1.34765550942268e+28,  2.33251002275375e-308, -4.19987381709656e-140, 7.20834935387592e-304,  8.85470246026103e-159, 5.48679624958878e-310, -1.27856197940926e+306,  8.33276525540895e-148, 5.48674796870944e-310, -2.6355489919319e-82,  3.24180904295309e+178, 3.07908049665631e-146, -1.06335755117874e-176,  -4.02250795184041e-87, 9.41511999461622e-307, 6.71884980898386e-308,  -6.85765508599211e+303, 7.2911220195564e-304, 1.03845937170697e+34,  7.95116740126473e+36, NaN, 3.98479102329806e+252, -3.82914062108365e+305,  3.12825483621438e-146, 3.53369545917537e+72, NaN, 2.84327559495215e-312,  5.48663231711981e-310, -2.6355489919319e-82, -8.12378960261196e-280,  5.21813059839958e+279, 8.38205310412732e-309, -2.94449594580462e+47,  -2.94449594579902e+47, NaN, NaN), y = c(-1.05168902913546e-176,  9.34704639616146e-307, NaN, 2.05841906688803e+183, NaN, -8.47236935582202e-183,  2.14326092527415e-312, -1.08844701442623e+307, 1.27745613388713e-319,  0, -2.37001899157646e+306, 2.15553534357437e-312, 1.28135925248927e-319,  0, NaN, NaN, 9.94258812159781e-297, -2.62841742635227e-159, -1.34746874498879e+28,  -1.34765550943381e+28, 9.36372775213109e-97, 8.39751600205436e-315,  0, -2.37001899157646e+306, NaN, 1.03211490097508e-296, 5.2181291954879e+279,  -2.42208305489817e+24, -1.34765550943381e+28, 7.23149031820527e-308,  5.77636583357087e-275, NaN, -9.40591696517169e+24, 9.34531021619548e-307,  NaN, 4.14858703539808e-96, 7.69770237015113e-147, 9.23391868946016e-309,  -2.60722711581975e+287, -8.34183228785457e-183, 7.06327445647303e-304,  -4.7478649006939e+27, -4.20485099563898e-140, 7.05681447781244e-158,  3.39833555023577e+178, 3.07908049665631e-146, 1.42760931252157e+181,  1.38609097946206e-309, 1.95796391717585e+179, 3.06535787538419e-115,  1.59875023337884e-112, 1.61363450431322e+36, -3.69867056150403e-159,  7.06341407717015e-304, -4.19987381709656e-140, 7.20834935387592e-304,  1.86756814127991e-321, 1.3906710799717e-309, -1.08844701442623e+307,  -1.06979143873457e+297, -1.06810924745023e+297, -6.67116244120792e+306,  NaN, 1.25986739689518e-321, 1.00496113937163e+180, 2.79515876308461e-315,  NaN, NaN, 9.94258812159781e-297, -2.62841742635227e-159, 5.787334192109e+37,  -4.19783709215504e-129, 1.49137132586753e-143, -1.0884470144884e+307,  3.21687814905717e+181, 1.81250437761959e-207, NaN, 3.7089802175934e+299,  1.24998608397835e-321, 0, 0, 0))
result <- do.call(blorr:::blr_pairs_cpp,testlist)
str(result)