testlist <- list(x = c(0, 6.83198718099476e-317, 6.40588384087687e-145, 5.48674796870944e-310,  -2.6355489919319e-82, 1.00496080260074e+180, 0, 2.06397246855607e-314,  -2.43339720278629e-209, NaN, 3.21687814905717e+181, 4.64001120670615e-205,  -1.34765550658401e+28, 7.18029963922638e-228, 1.62969278106055e-309,  -6.67115915940654e+306, 2.91937909870514e+284, 4.17982416193274e-297,  -1.49960546094526e+126, 3.20757298593054e-319, 9.93888423161188e-297,  -1.29984381150751e+28, -1.34765550943381e+28, 6.99898720641008e-308,  1.26707338373663e-279, 7.29111855643999e-304, -1.30736177482179e+28,  -1.05168902913543e-176, -7.99910624398737e-280, -3.31318983418522e+304,  9.74576447753728e-113, 5.07588390157017e-116, -1.06335755105416e-176,  1.42575896990055e+214, 2.30795207250357e-317, 2.22507414862381e-308,  6.36598742601776e-312, 9.83118776804655e+247, 1.62597497544562e-260,  -5.5399127762151e+303, -5.82852024987104e+303, -1.34497461904953e-284,  5.21813059839958e+279, 8.38205310412732e-309, NaN, -1.01983747078248e+80,  -1.30145435428842e+305, 3.35223585022708e+178, NaN, 2.14329853688112e-312,  9.4148437638086e-307, NaN, 3.91107305076628e-274, -1.34765550943377e+28,  7.18029962404075e-228, 1.62969278106055e-309, -6.67253069042374e+306,  8.90771002988687e-159, 9.34665314051611e-307, 0, 8.3975159971137e-315,  0, -2.37001899157646e+306, 3.06585356431154e-115, -1.29984381150748e+28,  -5.82852024990121e+303, 8.85449539944218e-159, 2.14327978499502e-312,  3.25263802794939e+178, 2.41738319749961e+35, NaN, 1.68851008189354e-226,  2.79379105661404e+180, -2.11971391338651e+27, 9.36372775213109e-97,  8.38205310386356e-309, 3.13329174323522e-314, 8.19190879996054e-317,  -1.06335680677779e-176, 1.00496080260073e+180, 1.42760975733857e+181,  -1.01983747019346e+80, -5.82852026979783e+303, -8.36478599197901e-85,  2.14326097674097e-312, -1.08844701442623e+307, 1.27745613388713e-319,  1.40920608751023e+161, 2.12429265039591e+183, NaN, -6.01810206190968e+218,  1.80564767818266e-304, 7.29112201955634e-304, 9.94243648895556e-297,  -1.29984381150751e+28, -1.34765550943381e+28), y = c(7.29111855643999e-304,  -1.30736177482179e+28, -1.05168902913543e-176, -7.99910624398737e-280,  -3.31318983418522e+304, 9.74576447753728e-113, -1.08844701442623e+307,  9.48263898297587e-307, 9.34531020573025e-307, 5.10378587000346e-303,  8.8544945906106e-159, 2.42061589233823e+35, 2.41751947069162e+35,  2.14323882817826e-312, -8.15391586193813e-280, -8.15391586193819e-280,  1.36607267383048e-258, NaN, 7.0568133655595e-158, 3.39833555023577e+178,  3.07908049665631e-146, -3.61841824398353e-138, -4.02250795184041e-87,  9.11136725309762e-311, -6.67113314602392e+306, 5.88838520336998e-310,  -1.53486954680244e-128, 2.14327983588378e-312, 1.04857559801461e-255,  3.13705387384993e-115, 2.41731986542639e+35, 3.62532369236519e-206,  -3.079071722783e+296, 0, NaN, NaN, NaN, -3.58041155457268e-253,  -2.21724375766891e-253, -4.20485099563916e-140, -7.2911220195564e-304,  -3.4066563480951e-83, NaN, 9.34625762355256e-307, NaN, 5.48671603971886e-310,  2.31696286470107e+77, -1.49960546094526e+126, 3.20757298593054e-319,  0, 0, 3.39850888396782e-315, 3.98438750765783e+252, 2.77427939401154e+180,  7.95121870383019e+36, 3.95508049894266e-257, 2.77448001762435e+180,  2.77447990168821e+180, 8.88792657630803e+247, 2.77448001762436e+180,  2.77448001762435e+180, 5.28555909360948e+180, 7.77537021256653e+36,  -1.32426744793628e+28, 5.10378587000346e-303, 4.54469324585964e+279,  4.17982416193274e-297, -5.82324724761895e-87, 3.53369545917587e+72,  -4.02643840005466e-87, 3.91446262983731e-306, -6.85765508599211e+303,  7.2911220195564e-304))
result <- do.call(blorr:::blr_pairs_cpp,testlist)
str(result)