testlist <- list(x = c(-2.21724375766889e-253, -1.07903048368308e+297, NaN,  -8.15391703403251e-280, 1.00496080260072e+180, 3.44417168104348e+178,  2.14976409526111e-312, 0, -1.06820023622602e-255, NaN, 2.97403381695557e+284,  4.17982416193274e-297, 9.96873326402137e-309, -1.34765550943381e+28,  2.18011030958815e-106, NaN, NaN, 8.85449459061086e-159, 3.53369545916418e+72,  -2.21724375766889e-253, 3.13703838348227e-115, 1.90276391784976e-308,  6.51960956380587e-311, -3.74890975345391e-253, 9.45515030464861e-97,  2.58981145684914e-307, 2.54993286151668e-112, -6.67115915932496e+306,  -2.15534811653075e+294, 3.06571532920587e-115, 3.52477760776538e-307,  6.51877107882545e-311, -3.74890975345391e-253, 2.1801103095829e-106,  NaN, 1.51678090430012e-301, 2.33251001635006e-308, -4.19987381709656e-140,  7.20834935387592e-304, 8.85470246026103e-159, 5.48679624958878e-310,  0, -1.27856197940926e+306, -2.21724375766889e-253, -7.72134029854232e-84,  7.15597569347109e-251, 9.34558288218938e-307, 2.45008560103066e+35,  2.09434437755367e+183, 2.06930228695317e+26, 3.75455001250201e+72,  6.20030355631779e-305, -5.15256539532915e-36, -3.74893602149077e-253,  -2.21724375766889e-253, 2.56734752865526e-289, 2.56734752865526e-289,  -4.02154476784944e-87, 9.41511999461622e-307, 1.42744070041867e+181,  1.38609097946206e-309, 2.14324154928927e-312, 1.04857559801461e-255,  3.13703838348227e-115, 1.90276391784976e-308, 6.51960956380587e-311,  NA, 1.42760931482206e+181, 1.03847713464013e-149, 2.55883546567577e-307,  1.2239294570692e-316, NaN, 1.03211490097508e-296, 3.32243379305433e+178,  4.12233957413849e-299, -3.85146315918759e-34, 2.10214262117917e-314,  0, 0, 2.22724678219715e-310, 0), y = c(3.06535787538419e-115,  2.58981145684914e-307, 0, 0, 0, 0, 0, 0, 0, -4.80948513475619e+306,  6.40666590081014e-145, -1.96651323918701e+148, NaN, NaN, NaN,  NaN, NaN, NaN, 1.14638071047393e-282, -7.89628469348094e-84,  3.32306998945247e+37, 4.8993279890826e-306, -4.80927886934937e+306,  5.48684425442826e-310, 3.28027968637254e-317, 0, -1.49603382121568e+82,  1.84938131873148e-207, 9.34665313729441e-307, NaN, -3.07918242955014e+296,  4.18006618602297e-297, 1.26707338641151e-279, NaN, NaN, NaN,  2.12455197126707e+183, 4.82164143450184e+279, NaN, 5.64658443002244e+294,  -1.06335755117019e-176, -4.02250795184041e-87, 9.41511999461622e-307,  6.71884980898386e-308, 3.13703838348227e-115, -1.34765550943378e+28,  -1.34765550943381e+28, 2.14327978581517e-312, -1.08844700605507e+307,  7.27878552309011e-310, NaN, 1.390671161567e-309, 0, 0, 1.62597454369523e-260,  NaN, 1.68851008438948e-226, 7.29111900840609e-304, 1.39067116125586e-309,  -562949953421312, 2.58994836237929e-307, 0, 0, 0, 0, 0, 0, 0,  0, 0, 0, 0, 0, 0, 0, 0, 0, 0, 0, 0, 0, 0, 0))
result <- do.call(blorr:::blr_pairs_cpp,testlist)
str(result)