testlist <- list(x = c(-4.20547890749659e-140, -1.4628981795415e-154, -2.75164205365948e-135,  3.12825483621438e-146, -4.38361891015713e-193, 1.11778927359655e-276,  NaN, NaN, NaN, NaN, NaN, 1.39067260952735e-308, 9.60367083246493e-307,  8.3975159971137e-315, 0, -2.37001899157646e+306, NaN, 1.03211490097508e-296,  5.2181291954879e+279, -2.42208305039457e+24, -1.34765550943381e+28,  7.23149031820527e-308, 5.77636583357087e-275, NaN, -9.40591696517169e+24,  3.53369545912461e+72, NaN, 1.4276096707763e+181, -1.01810330038712e+80,  -6.67115915940654e+306, -2.94449594579902e+47, -2.94449594579902e+47,  -5.82900682309329e+303, 2.12199579047121e-314, -2.21439301489473e-159 ), y = c(NaN, 1.62597560177006e-260, 6.71951052260401e-308, -5.82852024984172e+303,  -3.58107660864807e-253, 3.53369545915566e+72, -3.7493103281793e-253,  -3.7493103281793e-253, 7.20835274867873e-304, 3.06571609013493e-115,  2.14321575013479e-312, 1.38595441311362e-309, -3.74931176067536e-253,  -3.7493103281793e-253, 7.20835274867873e-304, 4.53912338169923e+279,  2.16306060370513e+185, -1.34765551027296e+28, -1.34765550943381e+28,  -1.34765550943381e+28, -1.34765550943381e+28, 5.27307409749345e+131,  -9.95167708219259e+152, 2.139593965197e+181, NaN, 1.55566449906033e-319,  2.16306060025096e+185, -1.34765551027296e+28, -1.34765550943381e+28,  -1.34765550943381e+28, -1.34765550943381e+28, -1.34765550943381e+28,  -1.34765550943381e+28, -1.34765550943381e+28, -1.34765550943381e+28,  -1.59450487330477e-260, 3.53369545914474e+72, NaN, 2.84327559495215e-312,  NaN, 5.43230922486616e-312, 0, 0, 0, -1.491667821162e-154, -1.08844656463166e+307,  1.00496080260074e+180, 2.97403336825039e+284, 4.17982416193274e-297,  9.96873326402137e-309, -1.34765550943381e+28, -4.20485099563915e-140,  7.05681447781244e-158, 3.39833555023577e+178, 3.07908049665631e-146,  -3.61841824398353e-138, -4.02250795184041e-87, 9.11136725309762e-311,  3.53369545912448e+72, -2.15534811524097e+294, 3.06571532920587e-115,  -4.03496294643223e-87, 2.54672248582809e-313, 3.13705310698483e-115,  1.90276391784976e-308, 6.51960956380587e-311, 3.89496571423258e-308,  NaN, -1.34765550943381e+28, -1.34765550943381e+28, -1.34765550943381e+28,  -1.34765550943381e+28, -1.34765550943381e+28, -1.34765550943381e+28,  -1.34765550943381e+28, -1.34765550943381e+28, -5.48684606877171e+303,  2.4174404722708e+35, -2.30314481966022e-156, -5.1527390889468e-36,  -7.72134029854232e-84, 5.88522309181711e-315, 7.05197221455794e-251,  9.34558288218966e-307, 3.48012299986677e-307, 6.71884980898386e-308,  3.13703838348227e-115, 2.43527785609312e+35, -1.8625357992368e-155,  1.26685862504311e-279, 1.72680247519199e-260, 2.13959396519322e+181,  2.4174404722708e+35, -2.30314482137301e-156))
result <- do.call(blorr:::blr_pairs_cpp,testlist)
str(result)