testlist <- list(x = c(NaN, 6.41105856677304e-317, 5.5651554347558e-320,  NaN, NaN, 8.85449459061086e-159, 3.53369545916418e+72, -2.15534811524097e+294,  3.06571538971512e-115, -1.303145228681e+28, 9.38658749995673e-97,  8.38205310386356e-309, 3.75454999954138e+72, 6.20030355631779e-305,  1.67637667536157e-312, -2.15534811524097e+294, 3.06571538971512e-115,  -4.03496294643223e-87, 2.54672248582809e-313, 1.42760928130527e+181,  2.35004462984818e+179, 3.87206480335272e-310, 0, 0, 0, 0, 0,  0, 0, 0, 5.59621285310643e-275, -8.11058263272871e+298, -7.99990688544526e-280,  3.06571415843025e-115, 1.38523885234235e-309, 3.85693980766262e-310,  8.63949366333601e-310, 0, 1.69759663277222e-313, NaN, 0, 5.09911082268234e+182,  5.77636807742164e-275, NaN, -8.1542028248312e-280, -3.85185988649917e-34,  -3.74931033101325e-253, -1.05168902913543e-176, 9.34704639616146e-307,  8.3975159971137e-315, 0, -2.37001899157646e+306, 3.75252024607369e-101,  -1.34765550942268e+28, 2.33251002275375e-308, -4.19987381709656e-140,  7.20834935387592e-304, 8.85470246026103e-159, 5.48679624958878e-310,  0, -1.27856197940926e+306, -5.15273908894671e-36, -7.7233510632257e-84,  7.05197221455796e-251, 9.34558288218966e-307, 2.45008560103066e+35,  1.47258186325851e-312, 3.64718026572156e-315, 1.91972798107507e-309,  2.58675525645917e+161, 2.39021606095971e-310, 1.10502730498114e-305,  -4.80948513475625e+306, NaN, -Inf, 3.75225594228181e-101, -1.34765550942268e+28,  1.26707338627333e-279, 7.29111855643999e-304, 6.01562242606175e-305,  -1.05168902913543e-176, -3.74893795732314e-253, 7.09901525832349e-304,  7.18029602059721e-228, 1.62969278106055e-309, 9.5697520735501e+199,  9.34665470226316e-307, NaN, 2.41741899402198e+35, -1.34765550943709e+28,  -1.34765550943381e+28, -1.34765550943381e+28, 1.25454337812202e-279,  7.29111855643999e-304, 5.61507606690009e+37, -Inf, NaN), y = c(1.11065452892308e-314,  NaN, 2.12199579047121e-314, 8.12749649798057e+73, 1.41419433433901e+37,  5.08385747769709e-308, -2.43339720278629e-209, 3.53369412955685e+72,  -6.01833366934847e+218, -2.42144247881369e+24, 3.39833756282629e+178,  2.77448001761239e+180, 2.58981199050757e-307, 2.77430056092499e+180,  2.75827097243341e+180, 2.77448001762435e+180, 2.78210573969021e+180,  2.77448001762435e+180, 2.77448001762435e+180, -9.44106627372061e+218,  5.40961140182659e+178, 9.34704853628954e-307, NaN, -8.34183228774499e-183,  1.69469457180006e-319, NaN, 3.23785921002061e-319, 0, 0, 1.390671161567e-308,  6.7198402955055e-304, 0, 0, 3.95252516672997e-323, 2.0971286527899e-314,  1.42740904212728e+181, -1.01810330038712e+80, -6.67115915940654e+306,  -5.82900682309329e+303, -1.08193841662861e+307, 6.40610294902753e-145,  NaN, NaN, 1.00930158811333e+180, 0, 0, -5.61779104166239e+306,  -1.29984381150753e+28, -1.34765550943381e+28, 2.2815699287538e-310,  1.26707338373663e-279, 7.29111855643999e-304, -1.30736177482179e+28 ))
result <- do.call(blorr:::blr_pairs_cpp,testlist)
str(result)