testlist <- list(x = c(-5.80251977845898e-50, NaN, NaN, NaN, -2.63554948580763e-82,  -2.62841760552745e-159, 4.74156249361237e-296, NA, NaN, NaN,  8.85449459061086e-159, 3.53369545916418e+72, -2.15534811524097e+294,  3.06571538971512e-115, -1.303145228681e+28, 9.36372775213109e-97,  8.38205310386356e-309, 3.75454999954138e+72, 6.20030355631779e-305,  -5.15256539532915e-36, 1.42760931482206e+181, 1.3860909794621e-309,  1.95796391717585e+179, 3.06535787538419e-115, 1.59875023337884e-112,  1.61363450431322e+36, Inf, 3.53369545912445e+72, NaN, -1.09757353584327e+297,  0, 0, 0, 5.18571301874972e-320, 5.67816869859496e-275, 1.61363554913158e+36,  -5.80251977843943e-50, -5.80251977845898e-50, -5.80251977845898e-50,  9.87103844092652e-310, 8.09464506065765e-317, 0, 0, 0, 0, 3.70549234380935e-322,  3.14219009897342e-115, 7.20834935387571e-304, -5.15273898967138e-36,  -5.61280995607695e-50, -5.80251977845898e-50, -5.80251977845898e-50,  -5.80251977845898e-50, -5.71481968640908e-50, 3.85587439098343e-312,  1.77561204765828e+252, -4.04434181978034e-84, 1.50661711236485e-312,  -6.95715257111234e+306, NaN, 3.35223585022695e+178, NaN, 2.14329853688112e-312,  0, 1.62597454369523e-260, 7.34274373303588e-306, 2.14976409526111e-312,  0, -1.06820023622602e-255, NaN, -Inf, 4.17982416193274e-297,  9.96873326402137e-309, 7.54642307645629e+179, 2.43773964113643e+35,  2.45333072621769e+35, NaN, 8.85449459061086e-159, 3.53369545916418e+72,  2.76383203481844e-259, 3.13703838348227e-115, 1.90276391784976e-308,  1.00496080260073e+180, -3.85171111527021e-34, 1.11065452892308e-314,  NaN, 2.12199579047121e-314, 0, 0, 0, -2.43339720278629e-209,  4.23352053470512e+175, -9.44106627372662e+218, 3.95459645144394e-257,  5.40961324256364e+178, 2.06930173233488e+26, NaN), y = c(NaN,  NaN, 6.71884980898386e-308, 3.04553020513337e-115, -1.34746874498761e+28,  2.52938660412642e+283, 4.17982416193274e-297, 3.53369545912495e+72,  NaN, -8.15395961819905e-280, -8.15391533655748e-280, -Inf, -2.09248511135221e-252,  7.09901525832184e-304, 5.20104610404056e-116, 3.24181114009668e+178,  NaN, 3.12825483621438e-146, -3.84308838245223e-190, 1.11778927359655e-276,  Inf, -2.15534811505649e+294, 3.06571532920587e-115, -4.03496294643223e-87,  2.54672248582809e-313, -Inf, 6.74540225366982e-304, 0, 0, 0,  2.02566914794911e-322, 1.26695632362966e-279, 8.28682114717519e+73,  -2.01345623531458e-193, 5.48663254791284e-310, 2.77448001762435e+180,  -2.63531734105964e-82, 3.53369545917587e+72, -4.02643840005466e-87,  3.91446262983731e-306, -6.85765508599211e+303, 7.2911220195564e-304,  0, 0, 0, NaN, 2.10121268242145e-314, 0, 4.34584737989688e-311,  0, 1.24998608397835e-321, -1.96651323916858e+148, 2.58981199050655e-307,  NaN, 1.86679591372734e+159, 9.08217799640982e-97, 1.39065275988475e-309,  0))
result <- do.call(blorr:::blr_pairs_cpp,testlist)
str(result)