testlist <- list(x = c(-2.2899894549927e+226, -2.2899894549927e+226, -2.2899894549927e+226,  -2.2899894549927e+226, -2.2899894549927e+226, -2.2899894549927e+226,  -2.2899894549927e+226, -2.2899894549927e+226, -2.2899894549927e+226,  -2.2899894549927e+226, 5.16347209384821e+131, -5.09376851798794e-36,  -3.74893602149077e-253, 7.09901525832184e-304, 3.13178067539484e-115,  3.04553020513337e-115, 3.44442112486383e+178, -1.68149391349892e+289,  3.12825422464022e-146, 4.33849418991761e-317, NaN, 8.28904556439245e-317,  0, 0, 1.62597454369523e-260, -3.07907172277212e+296, 0, 0, 1.01184644268287e-320,  5.36864935114214e-312, -3.58041155457252e-253, -2.21724375766891e-253,  -4.20485099563916e-140, 7.2911220195564e-304, -3.4066563480951e-83,  NaN, 9.34625762355256e-307, NaN, 3.53369545917581e+72, 4.99006302299659e-322,  0, -1.491667821162e-154, -2.4220830504079e+24, -1.34765550943381e+28,  7.23149031820527e-308, 5.77636583357087e-275, 3.44363373303312e+178,  3.07908049665631e-146, 3.07908094806045e-146, NaN, NaN, 9.96736246109119e-113,  3.25263802794957e+178, 9.45476457624714e-310, 2.72312037271947e+180,  2.75922444811486e+180, 5.50339608474614e-310, 0, 1.390671161567e-308,  -4.73574659118105e+305, NaN, 5.0453059431966e+182, 3.91107221590192e-274,  -1.34765550943377e+28, 9.11136727638145e-311, 1.35284617916986e-305,  2.41737032386985e+35, -1.45920143265438e+304, -5.82852024984172e+303,  8.85449539944218e-159, 2.14327978499502e-312, 128978.107570072,  1.59875023337884e-112, 3.70898021755237e+299, 5.09911082268249e+182,  5.77636807742164e-275, NaN, -8.1542028248312e-280, -3.85185988649917e-34,  -3.74931033101325e-253, -1.05168902913543e-176, 9.34704639616146e-307,  0, 7.48552367117402e+247, -1.491667821162e-154, 9.4826389829761e-307,  3.24180903818828e+178, NaN, -1.0681294509531e+297, 6.57107308968858e-322,  NaN, 1.25986739689518e-321, -2.37001899157646e+306), y = c(1.00496080260071e+180,  -5.3996608778091e+146, 1.03211448009149e-296, 3.32243379305433e+178,  3.07908049665631e-146, 3.07908094806045e-146, NaN, 2.41731986542639e+35,  3.62532369236519e-206, -9.40591696517169e+24, 1.00496080260073e+180,  -2.09594355232913e+294, 3.06571532920587e-115, -4.03496294643223e-87,  2.54672248582809e-313, 1.42760928130527e+181, 3.24808870503137e+35,  8.37116437396061e+298, -6.09944580657855e+218, 7.14451399280748e-304,  -3.40665634074075e-83, NaN, 7.7877585047752e-308, NaN, -3.74923748453534e-253,  -2.21724375766891e-253, -4.20485099563916e-140, 7.2911220195564e-304,  -3.4066563480951e-83, NaN, 9.34625762355256e-307, NaN, 8.3722599047705e-315,  0, 1.390671161567e-308, 9.60367083246493e-307, 8.3975159971137e-315,  0, -2.37001899157646e+306, NaN))
result <- do.call(blorr:::blr_pairs_cpp,testlist)
str(result)