testlist <- list(x = c(-3.19643721397967e-248, -3.18995667589651e-248, -3.18995667589651e-248,  -3.18995667589651e-248, -2.21724375766776e-253, -4.20485099563916e-140,  7.2911220195564e-304, NaN, NaN, 9.34625762355256e-307, NaN, 8.3722599047705e-315,  0, 1.390671161567e-308, 9.60367083246493e-307, 8.3975159971137e-315,  0, -2.37001899157646e+306, NaN, 1.03211490097508e-296, 5.2181291954879e+279,  -2.42208305039457e+24, -3.18995667589651e-248, -3.18995667589651e-248,  -1.34753633666164e+28, -1.34765550943381e+28, 5.10378587000346e-303,  2.58970233684757e-307, 3.25051506832007e+178, -Inf, 3.75454999954137e+72,  NA, 3.53369545916417e+72, 2.76383203481844e-259, -Inf, -Inf,  6.60757933022299e-304, 0, 4.18006618602297e-297, 1.26707338641151e-279,  NaN, -9.44106627372662e+218, 3.95459645144394e-257, -8.15420282483105e-280,  -3.85185988649917e-34, -3.74931033101325e-253, -1.05168902913543e-176,  9.34704639616146e-307, 8.3975159971137e-315, 0, -2.37001899157646e+306,  2.67110515187694e+161, 0), y = c(4.99006302299659e-322, -5.15256539532908e-36,  -3.74893602149077e-253, 7.09901525832184e-304, 5.20104610404056e-116,  3.0455315212095e-115, -9.44106360697538e+218, 2.72312037272317e+180,  -2.01345623531458e-193, NaN, NaN, 2.77434721574761e+180, 6.79243528884609e+199,  1.5987500857282e-112, -6.01810045752492e+218, NaN, 7.68640209911809e+175,  1.41302275520456e+181, -3.31318983149907e+304, 9.36372775213068e-97,  8.85449539937594e-159, 5.48666560282192e-310, -4.19783709341958e-129,  9.34558288228542e-307, 2.45008560103066e+35, 2.44981939440463e+35,  7.11929927875464e-158, -7.72133686163545e-84, 2.18011030958806e-106,  NaN, NaN, 8.85449459061086e-159, 3.53369545916418e+72, 1.20287293349403e-303,  NaN, -4.03496294643269e-87, 1.14638071046847e-282, 1.42741141649913e+181,  2.35004462984818e+179, -4.91803457684066e+305, -1.34765550943709e+28,  2.32392916735878e-317, -1.34746871854247e+28, -1.34765550943381e+28,  2.14327978581517e-312, -1.08844700605507e+307, 7.27878552309011e-310,  NaN, 1.390671161567e-309, 0, 0, 0, NaN, 3.28908541837837e-317,  1.3182821141565e-314, 0, 2.02566914794911e-322, 1.26695632362966e-279,  8.28682114717519e+73, -1.08844656471513e+307, 1.00496080260074e+180,  -1.05333849994707e+307, 7.27878552309011e-310, NaN, 3.53369545917587e+72,  -2.15534811524097e+294, 3.06571532920587e-115, -4.03496294643223e-87,  2.54672248582809e-313, 9.34558182535227e-307, 2.45008560103066e+35,  2.44981939440463e+35, 7.11929927875464e-158, -7.72133686163545e-84,  2.18011030958806e-106, 2.45008553839876e+35, 1.06559867635912e-255,  5.28555931044617e+180, 3.53369546231242e+72, 1.20287293349403e-303,  NaN, -4.03496294643269e-87, 1.14638071046847e-282, 1.42741141649913e+181,  2.35004462984818e+179, -4.91803457684066e+305, -1.34765550943709e+28,  2.32392916735878e-317, -1.34746871854247e+28, -1.34765550943381e+28,  -1.34765550943381e+28))
result <- do.call(blorr:::blr_pairs_cpp,testlist)
str(result)