testlist <- list(x = c(6.51960956380587e-311, -3.74890975345391e-253, 2.77448001762435e+180,  6.79243528884979e+199, 2.77448001762613e+180, 2.77448001762435e+180,  2.77448001762435e+180, 2.41749831502455e+35, 2.77448001488606e+180,  3.02668741796475e+267, 3.02668741796475e+267, 3.02668741796475e+267,  2.08860266185209e-306, 3.0266874143772e+267, 3.02668741796475e+267,  -4.8094851429911e+306, -3.85185988650437e-34, -2.94449594579902e+47,  -1.06979161171389e+297, -1.06810924745023e+297, -6.67116244120792e+306,  NaN, NaN, 2.05343410695918e-309, NaN, 1.62970724674487e-309,  -6.67115915940654e+306, 8.90771002988687e-159, 9.34665314051611e-307,  0, 5.65896446765601e+294, -1.06335755117019e-176, -4.52519912268689e-87,  5.12545476096848e-116, 6.71868006059153e-308, 9.51530337845887e+149,  -1.05168902913543e-176, -3.29165626016118e+304, 1.37766018844996e-309,  9.3367814802472e-313, 0, 0, 0, -4.03490296104921e-87, 2.05343405682239e-309,  NaN, 2.54695838315245e-313, -1.74957592618545e-253, 5.71884557052936e-275,  5.41117183366081e-312, 3.19996437498459e-319, NaN, -3.74923748453534e-253,  -2.21724375766891e-253, -4.20485099563916e-140, 7.2911220195564e-304,  -3.4066563480951e-83, 3.92569221328081e-312, 3.64718026572156e-315,  NaN, 8.3722599047705e-315, 0, 1.390671161567e-308, -4.73574659118105e+305,  3.12825483621438e-146, 3.20618960212219e-319, 0, 0, 0, 0, 4.18006618602297e-297,  1.26707338641151e-279, NaN, -3.749311022013e-253, 3.53369545915957e+72,  NaN, 7.95116739838044e+36, 6.38395078061776e-315, 1.75738820751464e+159,  NaN, NaN, NaN, -1.128558873886e+266, -2.5190149251882e-179, 1.24998608397835e-321,  0, 0, 1.32754253279993e-317, -8.9447663387847e+305, 9.92797999622145e+247,  -1.05168903029509e-176, -7.99910624398737e-280, -3.31318983418522e+304,  9.74576447753728e-113, 2.42490819583604e-119, 1.06096233928346e+37 ), y = c(5.41111225611262e-312, NA, 2.77447923393836e+180, 2.45008560103069e+35,  5.40961324256362e+178, 2.06930173233488e+26, 2.77448001762435e+180,  8.89492749487946e+252, 2.77448001762435e+180, 2.77448001762435e+180,  2.77448001762435e+180, -4.94633433827342e-63, 2.77448001762431e+180,  4.99006302299659e-322, 4.18006441568545e-297, 1.26707338641151e-279,  NaN, -3.749311022013e-253, 3.32306998945247e+37, 4.8993279890826e-306,  -4.80948513475625e+306, 5.48684425442826e-310, 3.28027968637254e-317,  NA, 6.80538447834079e+38, -4.9463343382734e-63, 1.41393583140943e+214,  4.51700333717018e-10, 0, NaN, 2.4352778560932e+35, -2.260741251001e-156,  2.47423134780838e-319, 0, 0, NA, -3.55667588114786e-136, NaN,  2.05841906688803e+183, 7.21886464083702e-304, -2.60722711581973e+287,  NaN, 5.38148511112775e-312, 0, 6.03822262496332e+250, NA, 2.17388884170148e-322,  -1.34765550943163e+28, -1.34765550943381e+28, -1.34765550943381e+28,  -1.34765550943381e+28, -1.34765550943381e+28, -1.34765550943381e+28,  2.67110515311338e+161, 8.82101375604156e-159, 5.48679624958878e-310,  -1.27856197940926e+306, -5.15273908894671e-36, -7.72134029854232e-84,  7.15597569347109e-251, -1.28986071694503e+294, 2.33250967149806e-308,  -4.19987381709656e-140, 7.20834935387592e-304, 6.71972305269205e-304,  0, 0, 3.95252516672997e-323, 2.0971286527899e-314, 1.42740904212728e+181,  -1.01810330038712e+80, -6.67115915940654e+306, 1.4308575984518e-258,  NaN, 6.40610293723403e-145, 5.48674796870944e-310, 3.21687814904047e+181,  1.81250437761959e-207, 9.06610460118687e-321, 2.41737008055398e+35,  5.48663231711981e-310, 2.77448001762435e+180, 5.63244962202817e+80,  -1.49960546094526e+126, 3.24180903823501e+178, -7.33622912802337e+303,  3.24180907441831e+178, -Inf, 2.77448001762435e+180, 7.95121870383019e+36,  2.77430056090702e+180, 1.47532709691523e-143, 8.72383832745765e+35,  2.4173705217461e+35, -4.13800204577374e-61, 2.77447931662162e+180,  2.77441670104157e+180, 2.77448001762435e+180, 0))
result <- do.call(blorr:::blr_pairs_cpp,testlist)
str(result)