testlist <- list(x = c(9.47690697573725e-309, NaN, -1.65652687672654e-181,  NaN, -1.06817373190923e+297, 3.53369545915248e+72, 7.21902962651992e-304,  4.99006302299659e-322, 0, NaN, 3.53369546676705e+72, 4.99006302299659e-322,  0, -1.491667821162e-154, NaN, -2.62841760552745e-159, 4.74156249361237e-296,  -1.3476547798852e+28, -1.34765550943381e+28, 5.10378587000346e-303,  -4.20485099563897e-140, 7.05681447781244e-158, 3.39833555023577e+178,  3.07908049665631e-146, 1.42760931252157e+181, 1.38609097946206e-309,  1.95796391717585e+179, 3.06535787538419e-115, 1.59875023337884e-112,  1.61363450431322e+36, 2.77447923393836e+180, 2.45008560103069e+35,  5.40961324256362e+178, 2.06930173233488e+26, 2.77448001717147e+180,  8.89492749487946e+252, 2.77447978484281e+180, 2.77448001762435e+180,  1.62597515787432e-260, -5.5399127762151e+303, 1.43375336139035e+161,  9.75835880920219e+182, -5.82766889408056e+303, NaN, -9.40591696517169e+24,  3.27038503368328e-317, 1.00496080183837e+180, -2.09594355232913e+294,  3.06571532920587e-115, 3.25263802794957e+178, 9.45476457624714e-310,  5.07899483924801e-320, 2.72312037271473e+180, 3.87206506392813e-310,  -1.491667821162e-154, NaN, -2.62841760552745e-159, -4.74156249361237e-296,  -1.3476547798852e+28, -1.34765550943381e+28, 5.10378587000346e-303,  2.06930262355762e+26, NaN, 8.85449459061086e-159, 3.24212129285658e+178,  -9.44106627372061e+218, 1.80564767818266e-304, 2.77448001761365e+180,  2.76688202672496e+180, 1.44059238795786e+214, 2.77448001807888e+180,  2.77448001762435e+180, 1.43375310327323e+161, 9.75835880920219e+182 ), y = c(2.76688202672496e+180, 1.44059238795786e+214, 2.77448001807888e+180,  2.77448001762435e+180, 1.43375310327323e+161, 9.75835880920219e+182,  3.21687857445289e+181, 1.42873488849155e-101, 2.4173705228274e+35,  -1.71905592607395e+223, 3.27930291859071e-317, NaN, -1.08844701524277e+307,  6.71984029550559e-304, 0, 0, 0, 0, 1.42740904212728e+181, NaN,  -3.74923748453534e-253, -2.21724375766891e-253, -4.20485099563916e-140,  7.2911220195564e-304, 1.12970124672713e+245, NA, -1.29984381223444e+28,  1.00496080260073e+180, 2.87882669089484e+161, 1.390671161567e-309,  -2.6354763097438e-82, -3.079071722783e+296, 0, 0, 0, 0, -3.58041155457252e-253,  1.36642783118169e-258, NaN, Inf, 9.42435239649706e-305, 3.32306876390165e+37,  2.42061622012646e+35, 2.14325084638438e-312, -8.15391586193813e-280,  -8.15391586193819e-280, -6.6724983911342e+306, 1.39067116156574e-309,  -8.12378826752681e-280, 5.21813059839958e+279, 8.38205310412732e-309,  NaN, -3.749311022013e-253, 3.32306998945247e+37, 4.8993279890826e-306,  -4.80948513475625e+306, 5.48684425442826e-310, 0, 2.14321574887493e-312,  -2.70287463107342e-159, -Inf, 0, 1.390671161567e-308, NaN, NaN,  5.0453059431966e+182, 3.91107221590192e-274, 0))
result <- do.call(blorr:::blr_pairs_cpp,testlist)
str(result)