testlist <- list(x = c(0, 0, 0, 2.42061526609056e+35, -1.34497461906902e-284,  5.21813059839958e+279, 8.38205310412732e-309, NaN, -1.01983747078248e+80,  -4.70728597795654e+305, -3.85185988650437e-34, -3.74931033101325e-253,  -1.05168902913543e-176, 9.34704639616146e-307, 8.3975159971137e-315,  0, -2.37001899157646e+306, NaN, 1.03211490097508e-296, 5.2181291954879e+279,  -2.42208305489817e+24, -1.34765550943381e+28, 7.23149031820527e-308,  5.77636583357087e-275, NaN, -9.40591696517169e+24, 1.00496080260073e+180,  -2.09594355232913e+294, 3.06571532920587e-115, -4.03496294643223e-87,  1.03847125745998e+34, 6.71884981359971e-308), y = c(7.23149031820522e-308,  NaN, 1.125753737606e-305, 2.41737032386985e+35, 7.23149031820522e-308,  8.38205305140943e-309, 6.64674061660491e-304, 6.93840843682029e+75,  2.55883493912241e-307, -6.67113314602392e+306, -5.82852024984172e+303,  8.85449539944218e-159, 2.14327978499502e-312, 128978.107570072,  7.29058502931682e-304, -2.60722711581973e+287, 2.46350146850107e+35,  1.39067116133317e-309, 0, 0, NaN, NaN, 3.28908541837837e-317,  0, -2.37001899157646e+306, 9.34599997704019e-307, 2.7744800176243e+180,  -4.94633433827342e-63, 2.77447931662162e+180, 1.5702642047231e+108,  2.77448001762435e+180, 2.77450980560117e+180, 2.77448001762435e+180,  2.77448001762435e+180, 2.77448001807675e+180, -4.94633433823598e-63,  3.75454999951033e+72, 6.20030355631779e-305, -5.15256539532915e-36,  -3.74893602149077e-253, 9.94258321652102e-297, -2.62841742635227e-159,  3.04553025899725e-115, -5.15273908894498e-36, 9.9268544386519e+247,  1.62597497544489e-260, -5.5399127762151e+303, 3.21687814903359e+181,  3.44442112486396e+178, -1.68149391349892e+289, 3.12825422464022e-146,  4.33849418991761e-317, NaN, 8.28904556439245e-317, 0, 0, 1.62597454369523e-260,  -3.07907172277212e+296, 0, 0, 1.01184644268287e-320, 5.36864935114214e-312,  -3.58041155457252e-253, NA, -4.20485099563916e-140, 7.2911220195564e-304,  -3.4066563480951e-83, NaN, 9.34625762355256e-307, NaN, 3.53369545917581e+72,  4.99006302299659e-322, 0, -1.491667821162e-154, -2.4220830504079e+24,  -1.34765550943381e+28, 7.23149031820527e-308, 5.77636583357087e-275,  NaN, -9.40591696517169e+24, 3.27038503368328e-317, 1.00496080183837e+180,  -Inf, 3.06571532920587e-115, 3.25263802794957e+178, 9.45476457624714e-310,  2.72312037271947e+180, 2.75922444811486e+180, 3.24242046988301e+178,  4.12233957413849e-299, -3.85146315918759e-34, 2.10214262117917e-314,  0, 0, 2.22724678219715e-310, 0))
result <- do.call(blorr:::blr_pairs_cpp,testlist)
str(result)