testlist <- list(x = c(2.41737079499033e+35, NaN, 0, -5.15273908894498e-36,  0, 0, 0, 0, 1.50192485449236e-307, 5.59621318408958e-275, 6.00547027244145e-145,  -1.06335755117874e-176, 3.24259788880465e+178, -1.01810330038712e+80,  -6.67115915940654e+306, 7.29058661115919e-304, -1.08193841662863e+307,  6.40610294902753e-145, 5.48674796870944e-310, -2.6355489919319e-82,  1.00496080260074e+180, 0, 0, -5.61779104166239e+306, -1.29984381150753e+28,  -1.34765550943381e+28, 2.2815699287538e-310, 1.2395283035385e-279,  7.29111855643999e-304, -1.30736177482179e+28, 1.27745613388713e-319,  -1.0516890291309e-176, -5.15273908894498e-36, -3.72098653846259e-159,  -4.52519912603627e-87, 6.71868172371134e-308, 6.80142090924592e-308,  5.29001690616666e+163, 7.97536797466301e+36, 2.56875021237373e+161,  5.38531553966959e-322, 2.0971286527899e-314, 1.42740904212728e+181,  -1.01810330038712e+80, -6.67115915940654e+306, -5.82900682309329e+303,  -1.08193841662861e+307, 6.40610294902753e-145, -Inf, -2.6355489919319e-82,  1.00496080260074e+180, 0, 0, -5.61779104166239e+306, -1.29984381150753e+28,  -1.34765550943381e+28, 2.2815699287538e-310, 1.26707338373663e-279,  7.29111855643999e-304, -1.30736177482179e+28, 1.27745613388713e-319,  -1.0516890291309e-176, -7.99910624398737e-280, -3.31318983418522e+304,  9.34540311412548e-307, 5.07672619029405e-116, 5.46976129942266e+178,  2.77442042555595e+180, 3.91446335421709e-306, 2.39021605894328e-310,  1.10502730498114e-305, -4.80948513475625e+306, 5.48684425442826e-310,  0, 0, -2.43339720278629e-209, 5.50339608387342e-310, 0, Inf),      y = c(-6.67113314602392e+306, -5.82852024984172e+303, 8.85449539944218e-159,      2.14327978499502e-312, 128978.107570072, 9.34599973562053e-307,      5.65896446765599e+294, -5.15273908894684e-36, -7.72134029854232e-84,      7.15597569347109e-251, 1.04864034533255e+34, -569678700442812416,      -4.20485098002948e-140, 9.48264572016841e-307, 0, 1.62597454369523e-260,      2.13959396519322e+181, NaN, -5.39965888327551e+146, 3.75225594228181e-101,      5.4867962491955e-310, -2.6355489919319e-82, 3.2480250763709e+35,      8.37116437396061e+298, -6.09944580657855e+218, -3.64120219286213e-253,      -5.82852024989063e+303, -5.20647192353241e-36, -7.72134029854232e-84,      7.15597569347109e-251, -1.28986071694503e+294, 3.06571532920587e-115,      2.41744047227089e+35, -2.30314481966022e-156, 8.38203192702138e-309,      -7.98914081470827e-280, -3.31318983444068e+304, -1.34748164114962e+28,      5.10378587000346e-303, -4.20485099563897e-140, 7.05681447781244e-158,      3.39833555023577e+178, -3.76261262494565e-38, 1.42760931482206e+181,      1.3860909794621e-309, 2.58981199050655e-307, NaN, 1.86679591372734e+159,      9.08217799640982e-97, 1.39065275988475e-309, 1.64548574512489e-257,      -6.67115993366049e+306, 8.90771002988687e-159, 9.34665314051611e-307,      5.65896446765599e+294, -1.05168902913543e-176, NaN, 1.4276097574643e+181,      -1.01983747019238e+80, NaN, 2.78504907541382e-309, -2.05350035163767e-155,      7.15000714011429e-304, 3.06571539424903e-115, -4.03496294643223e-87,      2.54672248582809e-313, 1.42760928130527e+181, 2.35004462984818e+179,      3.87206480335272e-310, 0, 0, 0, 0, NaN, -3.74923748453534e-253,      -2.21724375766891e-253, 9.34535773839865e-307, NaN, -3.07918242955014e+296,      4.18006618602297e-297, 2.78134232331041e-309, -2.05350035163767e-155,      7.15000714011429e-304, NaN, NaN, 3.53369910561397e+72, 3.13151305916514e-294,      2.20936275507289e-319, -2.37001899158756e+306, NaN, 1.03211490097508e-296,      5.2181291954879e+279, 1.04027674896406e+34))
result <- do.call(blorr:::blr_pairs_cpp,testlist)
str(result)