testlist <- list(x = c(1.06559867635912e-255, NA, 1.43760489667651e+161,  1.71321888862465e+34, -4.9463343382734e-63, 1.41393583140943e+214,  4.51700333717018e-10, NaN, 2.97403381695557e+284, 4.17982416193274e-297,  9.96873326402137e-309, -1.34765550943381e+28, NaN, 2.14329863893038e-312,  6.95327056386678e-309, 8.28900554507514e-317, 1.62597454369523e-260,  2.13959396519322e+181, NaN, NaN, 1.44001392533816e+135, NaN,  NaN, -Inf, 1.4276096707763e+181, -1.01810330038712e+80, -6.67115915940654e+306,  -2.94449594579902e+47, -2.94449594579902e+47, -5.82900682309329e+303,  NA, 1.4751430439857e+217, 8.4548269746866e-315, 0, -2.37001899157646e+306,  NaN, NA, 0), y = c(1.00496080260073e+180, -4.77556416245629e-87,  -1.06335755117017e-176, -4.02250795184041e-87, 9.41511999461622e-307,  NA, 3.13703838348227e-115, 2.43527785609312e+35, -2.260741251001e-156,  1.26685862504311e-279, 1.37978540593218e-309, -1.27856197940926e+306,  -5.15273908894671e-36, -7.72134029854232e-84, 7.15597569347109e-251,  -1.28986071694503e+294, 2.33250967149806e-308, -4.19987381709656e-140,  7.20834935387592e-304, -4.02545664154447e-87, 3.91446262983731e-306,  -6.85765508599211e+303, 7.29111875799582e-304, 0, 0, 1.03845937170697e+34,  NaN, -2.97403665321523e+284, 1.49137111883476e-143, 4.34584737989688e-311,  0, 1.24998608397835e-321, -1.96651323916858e+148, NaN, NaN, -1.07903048368308e+297,  NaN, -8.15391703403251e-280, 1.00496080260072e+180, NaN, 2.14976409526111e-312,  0, -1.06820023622602e-255, 1.84938131873151e-207, -1.34765550658401e+28,  4.13353428645512e-297, 5.73780435636711e+250, 1.42550302163349e+214,  1.51252531380757e-312, 9.34663856510929e-307, 0, 5.65896446765599e+294,  -1.06335755117019e-176, -4.52519912268689e-87, 6.71868172371134e-308,  -Inf, 1.37705074387551e-309, 0, 0, 8.90771002988687e-159, 0,  -1.06335680677779e-176, -3.55667588114786e-136, NaN, 2.05841906688803e+183,  7.21886464083702e-304, -4.80948513475625e+306, 6.40666590081014e-145,  -1.96651323918701e+148, NaN, -2.94458976308941e+47, -2.94449594579902e+47,  NaN, NaN, 2.05343410695918e-309, NaN, -1.34765542423636e+28,  2.33251002275375e-308, -4.19987381709656e-140, 7.20834935387592e-304,  8.85470246026103e-159, 5.48679624958878e-310, -1.27856197940926e+306,  -5.15273908894671e-36, -7.72134029854232e-84, 7.15597569347109e-251,  -1.28986071694503e+294, 2.77447923393836e+180, 2.45008560103069e+35,  5.40961324256362e+178, 2.06930173233488e+26, 2.77448001717147e+180,  8.89492749487946e+252, -Inf, 2.77448001762435e+180, 2.78207008525568e+180,  2.44987094222788e+35, 0))
result <- do.call(blorr:::blr_pairs_cpp,testlist)
str(result)