testlist <- list(x = c(-4.69526163440602e+305, 1.390671161567e-309, 0, 0,  0, -3.85164499399372e-34, 8.20786168559911e-317, 0, 1.69759663277222e-313,  0, 0, -Inf, 5.77636807742164e-275, NaN, -8.1542028248312e-280,  -3.85185988649917e-34, -3.74931033101325e-253, -1.05168902913543e-176,  Inf, 8.3975159971137e-315, 0, -2.37001899157646e+306, 2.8653086184658e+161,  -1.34757202564729e+28, 2.33251002275375e-308, -4.19987381709656e-140,  7.20834935387592e-304, 8.85470246026103e-159, -3.31310623018221e+304,  NA, 5.07588390157017e-116, 1.95796391692063e+179, 3.06535787538419e-115,  -1.33740964821112e+28, 8.46677869002549e+245, NaN, 1.51678090430012e-301,  -Inf, 6.75266287680017e-308, 1.79317374260016e+182, 6.04060360208028e-92,  2.58981145684914e-307, 2.54993286151668e-112, -6.67115915932496e+306,  -1.06335680969655e-176, 5.4866656033354e-310, -2.63554396502019e-82,  3.91446262983731e-306, -6.85765508599211e+303, 7.2911220195564e-304,  0, 0, 0, NaN, 4.8123411873341e-317, 5.5651554347558e-320, NaN,  8.3722599047705e-315, 0, 1.390671161567e-308, 9.60367083246493e-307,  8.3975159971137e-315, -1.05168902913543e-176, NaN, 1.4276097574643e+181,  -1.01983747019238e+80, NaN, -2.42238649999531e+24, -1.34765550943381e+28,  7.23149031820527e-308, -8.08599062789741e-174, Inf, 9.36335270938469e-97,  1.62597454369523e-260, 0), y = c(2.45008553839876e+35, 1.06559867635912e-255,  5.28555931044617e+180, 2.00738180213394e-317, -5.4941969960306e+303,  9.48312416197914e-307, -2.05350035163767e-155, 7.15000714011429e-304,  3.06535788291692e-115, NaN, 2.14329863893038e-312, 6.95335544369842e-309,  2.14329863893038e-312, 5.21812868452051e+279, NaN, 1.01126361913189e-314,  1.00496080260071e+180, 5.07050077194289e-116, 6.74540225366982e-304,  0, 0, 0, 2.02566914794911e-322, 1.26695632362966e-279, 8.28682114717519e+73,  -6.95715257111237e+306, NaN, -1.65652687672654e-181, NaN, -1.06817373190923e+297,  3.53369545915248e+72, NaN, NaN, NaN, 1.5297382777237e-308, 3.13136971322218e-294,  -1.3476547798852e+28, -1.34765550943381e+28, 5.10378587000346e-303,  -4.20485099563897e-140, 7.05681447781244e-158, 3.39833555023577e+178,  0, 3.07908049665631e-146, 1.42760931252157e+181, 1.38609097946206e-309,  1.95796391717585e+179, 6.71868004932361e-308, -2.01345623369759e-193,  -3.74890975468936e-253, 2.06930228695322e+26, -3.75501531425564e-159,  -4.86754702057853e+305, 1.44269238743209e+214, 2.30136659298225e+179,  NaN, 1.390671161567e-309, 0, 0, 0, -3.85164499399372e-34, 8.20786168559911e-317 ))
result <- do.call(blorr:::blr_pairs_cpp,testlist)
str(result)