testlist <- list(x = c(1.38523885234213e-309, 1.47738439242073e-308, NaN,  NaN, NaN, 2.14326081145131e-312, -1.08844701442623e+307, 9.48263898297587e-307,  0, 4.57671146818735e-246, 2.13959396519322e+181, NaN, 3.21687815162903e+181,  4.64001120670615e-205, -1.34765550658401e+28, 7.18029963922638e-228,  1.62969278106055e-309, -6.67115915940654e+306, 3.44417168104337e+178,  2.14976409526111e-312, 0, -1.06820023622602e-255, 1.84938131873151e-207,  -1.34765550658401e+28, 7.18029963922638e-228, 1.62969278106055e-309,  -6.67115915940654e+306, 8.90771002988687e-159, 9.34665314051611e-307,  0, 5.65896446765599e+294, -1.06335755117019e-176, -4.52519912268689e-87,  6.71868172371134e-308, 3.27359099480964e+178, 6.91389893261873e-307,  -2.60722711581973e+287, NaN, 5.38148511112775e-312, 0, 0, 6.953355807835e-308,  0, -4.03496140752873e-87, 2.05343405682239e-309, NaN, 2.54695838315245e-313,  -1.74957592618545e-253, 5.71884557052936e-275, 5.41117183366081e-312,  3.19996437498459e-319, NaN, -3.74923748453534e-253, -2.21724375766891e-253,  -4.20485099563916e-140, 7.2911220195564e-304, -3.4066563480951e-83,  NaN, 9.34625762355256e-307, NaN, 8.3722599047705e-315, 0, 1.390671161567e-308,  -4.73574659118105e+305, 3.12825483621438e-146, 3.20618960212219e-319,  0, 0, 0, 0, 4.18006618602297e-297, 1.26707338641151e-279, NaN,  -3.749311022013e-253, 3.53369545915957e+72, NaN, 1.4276096707763e+181,  -1.01810330038712e+80, -6.67115915940654e+306, 3.24834482015077e+35,  8.37116437396061e+298, -6.09944580657855e+218, 7.14451399280748e-304,  1.4751430439857e+217, -4.74745877717637e+27, -1.34765550943381e+28 ), y = c(7.29111855643999e-304, -1.30736177482179e+28, -1.05168902913543e-176,  -7.99910624398737e-280, -3.31318983418522e+304, 9.74576447753728e-113,  5.07588390157017e-116, -1.06335755105416e-176, 2.2815699287538e-310,  1.26707338373663e-279, 8.02122686268216e-312, 0, 0, 0, -2.37001899157646e+306,  5.37910446825878e-312, 0, 1.1125369292536e-308, 0, 9.56975204815473e+199,  -1.34765572425515e+28, -1.34765550943381e+28, -1.34765550943381e+28,  -1.34765550943381e+28, -1.34765550943381e+28, -1.34765550943381e+28,  -1.34765550943381e+28, -1.34765550943381e+28, -3.82914239702933e+305,  2.05816073127304e+183, NaN, -8.47236935582202e-183, 2.14326092527415e-312,  -1.08844701442623e+307, 4.16338006704786e-258, 2.77448001762435e+180,  2.77448001762434e+180, 8.88792657630803e+247, 2.77448001762436e+180,  2.77448001762435e+180, 2.77448001762435e+180, 2.58981199050757e-307,  9.52157095840666e-307, 0, -2.21724375765686e-253, -4.20485099563916e-140,  7.2911220195564e-304, -3.4066563480951e-83, NaN, 9.34625762355256e-307,  NaN, 3.53369545917581e+72, 4.99006302299659e-322, 0, -6.01895552794919e+218,  NaN, 7.68640209911809e+175, 3.36782813738778e-310, 0, NaN, 2.41737079499033e+35,  -569678700442812416, 0, 0, 0, -1.96651323916858e+148, NaN, NaN,  -1.07903048368308e+297, 9.34704639124451e-307, 2.75747826800164e-309,  0, 0))
result <- do.call(blorr:::blr_pairs_cpp,testlist)
str(result)