testlist <- list(x = c(3.91446262983731e-306, -8.1537741305254e-280, 1.00496080260072e+180,  3.44417168104348e+178, 2.14976409526111e-312, 0, -1.06820023622602e-255,  1.84938131873151e-207, -1.34765550658401e+28, 7.18029963922638e-228,  1.62969278106055e-309, -6.67115915940654e+306, 8.90771002988687e-159,  9.34665314051611e-307, 0, 5.65896446765599e+294, -1.06335755117019e-176,  -4.52519912268689e-87, 6.71868172371134e-308, 3.27359099480964e+178,  7.95121870379955e+36, 4.64038731667516e-205, -1.34765550658401e+28,  7.18029963922638e-228, 1.62969278106055e-309, -6.67115915940654e+306,  8.90771002988687e-159, 9.34665314051611e-307, 5.65896446765599e+294,  -1.06335755117019e-176, -4.02250795184041e-87, 9.41511999461622e-307,  6.71884980898386e-308, 1.49801740435585e-308, -2.46875582418715e+304,  2.18011030331408e-106, -2.33055477350385e-156, -6.67113314602388e+306,  1.72745374235378e-260, -5.48612409898451e+303, 6.4061029490126e-145,  2.3322308009373e-159, 9.34665314051611e-307, 0, 5.65896446765599e+294,  -1.06335755117019e-176, -4.52519912268689e-87, 6.71868172371134e-308,  2.14723973194452e-305, -2.01345623369759e-193, 1.03845937171117e+34,  4.8993279890826e-306, -4.80948513475625e+306, 2.27994230105148e-308,  6.36598742601776e-312, 3.06571532712519e-115, -4.03496294643223e-87,  2.2761310107773e-159, 1.62597454369811e-260, 2.41731986542639e+35,  3.29822394252354e+178, 2.77448001761239e+180, 2.58981199050757e-307,  2.77430056092499e+180, 2.75827097243341e+180, -6.01843506002148e+218,  NaN, 8.02122698030437e-312, NaN, -3.74931032778522e-253, -1.05168902913543e-176,  9.34704639616146e-307, 8.3975159971137e-315, 0, -2.37001899157646e+306,  7.95116740812922e+36, NaN, NaN, 2.10121268242145e-314, 0, 0,  0, 0, -1.96651323916858e+148, NaN, NaN, -1.07903048368308e+297,  NaN), y = c(3.44417168104348e+178, 9.34625762355256e-307, 0,  -1.06820023622602e-255, NaN, 2.97403381695557e+284, 4.17982416193274e-297,  9.96874387400032e-309, -1.34765550943381e+28, 2.18011030958815e-106,  NaN, NaN, 8.85449459061086e-159, 3.53369545916418e+72, 2.76383203481844e-259,  3.13703838348227e-115, 1.90276391784976e-308, 6.51960956380587e-311,  -3.74890975345391e-253, 2.1801103095829e-106, -2.62841223120261e-159,  2.58903355164412e-312, 2.41742467371039e+35, NaN, 3.7089802175934e+299,  -5.486124068794e+303, 3.7089802175934e+299, 2.41737070908716e+35,  NaN, 3.7089802175934e+299, 1.24998608397835e-321, 0, 0, -5.48612406879369e+303,  3.12825483621438e-146, 3.20618960212219e-319, 0, 0, 0, 0, 4.18006618602297e-297,  1.26707338641151e-279, 5.24154081491842e+279, 9.94246486511075e-297,  3.32256529879449e+37, 4.8993279890826e-306, -4.80948513475625e+306,  5.48684425442826e-310, 3.28027968637254e-317, 9.34625762355256e-307,  NaN, NaN, 5.24154081494241e+279, 9.94246486511075e-297, -1.29984381151472e+28,  -1.34765550943381e+28, 2.2815699287538e-310, 1.26707338373663e-279,  7.29111855643999e-304, -1.30736177482179e+28, -1.05168902913543e-176,  -7.99910624398737e-280, 6.718852869416e-308, 2.39021605894328e-310,  1.4086564798588e+161, 1.61363339152198e+184, 2.28170202444273e-310,  1.26707338373663e-279, 8.02122686268216e-312, 3.32306998945238e+37,  4.8993279890826e-306, 9.34625762355256e-307, 2.27994230105148e-308,  6.36598742601776e-312, 3.06571532712519e-115, NA, 2.2761310107773e-159,  1.62597454369811e-260, 2.41731986542639e+35, 3.29822394252354e+178,  2.77448001761239e+180, Inf, 2.77430056092499e+180, 2.75827097243341e+180,  0))
result <- do.call(blorr:::blr_pairs_cpp,testlist)
str(result)