testlist <- list(x = c(2.58981145684914e-307, 4.94065645841247e-324, 0, 5.92314661134617e-304,  0, 0, 3.21687814903302e+181, 1.81250437761959e-207, 7.48552777617268e+247,  5.77636796151408e-275, NaN, -9.40591696517169e+24, 1.00496080260073e+180,  -7.99990688549151e-280, 1.53047510903779e-314, 0, 0, -5.15273907786594e-36,  -6.95715257111252e+306, NaN, -1.65652687672654e-181, NaN, -1.06817373190923e+297,  3.53369545915248e+72, 7.21902962651992e-304, 5.50339608387342e-310,  0, 1.390671161567e-308, -4.73574659118105e+305, NaN, 5.0453059431966e+182,  3.91135427752315e-274, -1.34765550943377e+28, 9.11136727638145e-311,  -6.67113314602392e+306, -5.82852024984172e+303, 8.85449539944218e-159,  2.14327978499502e-312, 128978.107570072, 1.59875023337884e-112,  8.98637298518713e-243, 1.6690200483343e-308, -7.98824203857711e-280,  9.11136590428902e-311, -6.67113314602392e+306, 4.8212389505418e+279,  1.62597454369523e-260, 2.13959396519322e+181, NaN, 5.2404436192131e+279,  9.94246486511075e-297, -1.34747548880033e+28, 2.33251002275375e-308,  -4.19987381709656e-140, 7.20834935387592e-304, 8.85470246026103e-159,  5.48679624958878e-310, -1.27856197940926e+306, -5.15273908894671e-36,  -7.72134029854232e-84, 7.15597569347109e-251, 2.42061551367857e+35,  2.41751947069162e+35, -4.19983489031012e-140), y = c(NaN, -8.15391703403251e-280,  1.00496080260072e+180, 8.02122686268216e-312, -4.16709697076072e+304,  NaN, 3.53369545917587e+72, -6.671133146024e+306, 7.20834927233968e-304,  -4.80964726313466e+306, -1.50540387407455e+85, -3.82914315864077e+305,  -1.10534589198562e-176, NaN, -5.83693282055951e+294, 4.18006618602297e-297,  5.0758839169449e-116, 2.58981098488467e-307, 6.05156985652021e+34,  1.06096233928348e+37, NaN, 3.54164535367902e-317, 9.94246486511075e-297,  5.48671568880241e-310, -1.06812920585108e+297, -1.06812920585333e+297,  -4.4610881607846e-140, 7.29112201950355e-304, -1.34763370135724e+28,  -1.34765550943381e+28, -1.34765550943381e+28, -1.34765550943381e+28,  -1.34765550943381e+28, -1.34765550943381e+28, -5.48684606877171e+303,  1.61363344975071e+184, -4.72620764279479e-85, -3.3131898344407e+304,  9.74576447753728e-113, 5.07588390157017e-116, 5.09911232106546e+182,  5.77636807742164e-275, NaN, 4.77830972673675e-299, 9.34609791357e-307,  NaN, -3.07918242955014e+296, 4.18006618602297e-297, 1.26707338641151e-279,  -2.94449594723056e+47, -2.94449594579902e+47, NaN, NaN, 3.53369910561397e+72,  3.13151305916514e-294, 1.52973827771342e-308, 1.3953860590809e-258,  5.48663231790394e-310, 2.31663158087643e+77, -1.49960546094526e+126,  0))
result <- do.call(blorr:::blr_pairs_cpp,testlist)
str(result)