testlist <- list(x = c(Inf, NaN, 2.05841906688803e+183, NaN, -8.47236935582202e-183,  2.14326092527415e-312, -1.08844701442623e+307, -3.07878326148826e+296,  0, -2.37001899157646e+306, 2.15553534357437e-312, 1.28135925248927e-319,  0, NaN, NaN, 9.94258812159781e-297, -2.62841742635227e-159, -1.34746874498879e+28,  -1.34765550943381e+28, 9.36372775213109e-97, 8.38205310386356e-309,  3.75454999954138e+72, 6.20030355631779e-305, -5.15256539532915e-36,  -3.74893602149077e-253, 7.09901525832184e-304, 3.13178067539484e-115,  3.04553020513337e-115, -5.15273908894498e-36, 9.9268544386519e+247,  1.62597497544489e-260, -5.5399127762151e+303, -8.11058263272857e+298,  7.06431745982514e-304, -6.67115915940654e+306, NaN, -1.34765572425519e+28,  -1.34765550943381e+28, 5.10378587000346e-303, -4.20485099563897e-140,  7.05681447781244e-158, 3.39833555023577e+178, 1.42761165519211e+181,  1.38609097946206e-309, 1.95796391717585e+179, 3.06535787538419e-115,  1.59875023337884e-112, NA, 6.805647338284e+38, -569678700442812416,  5.77662199201425e-275, 7.95116740836134e+36, 6.38395078061776e-315,  1.75738820751464e+159, NaN, NaN, NaN, 7.7877585047752e-308, NaN,  9.96873329542547e-309, -1.34765550943381e+28, 2.18011030958815e-106,  -4.1998738283657e-140, 7.2653112446537e-304, 8.85470246026103e-159,  5.48679624958878e-310, 0, 5.07597049801131e-299, 3.04572577107473e-115,  6.71868006059153e-308, NaN, -1.06335755117019e-176, 2.14322875201079e-312,  5.21812868452051e+279, NaN, 3.24212276617507e+178, 2.06930155871847e+26,  2.75922444811486e+180, 8.77707619836974e-320, 5.09911082268234e+182,  NaN, 3.12825483621438e-146, 3.20618960212219e-319, -4.20484699149498e-140,  7.2911220195564e-304, -3.4066563480951e-83, 3.92569221328081e-312,  0), y = c(NaN, 2.75747826800164e-309, 3.12825322522101e-146,  8.21149455029298e-317, 0, 0, 8.70018274295762e-313, 1.40591056079475e+161,  2.12429265039591e+183, -1.34756440283369e+28, NaN, -3.74923748453534e-253,  -2.21724375766891e-253, -4.20485099563916e-140, 7.2911220195564e-304,  -3.4066563480951e-83, NaN, 9.34625762355256e-307, NaN, 8.3722599047705e-315,  0, 1.390671161567e-308, 9.60367083246493e-307, 8.3975159971137e-315,  0, -2.37001899157646e+306, NaN, 1.03211490097508e-296, 5.2181291954879e+279,  -2.42208305039457e+24, -1.34765550943381e+28, 7.23149031820527e-308,  5.77636583357087e-275, NaN, -9.40591696517169e+24, 1.00496080260073e+180,  -2.09594355232913e+294, 3.06571532920587e-115, -4.03496294643223e-87,  2.54672248582809e-313, 1.42760928130527e+181, -2.01074908270464e-193,  NaN, 1.43760489667651e+161, 4.64001120670615e-205, -6.67115913855987e+306,  -1.06335088197618e-176, -4.02250795184041e-87, 1.50661711236485e-312,  -2.63554396502021e-82, 3.91446262983731e-306, -6.85765508599211e+303,  NA, 0, 0, 0, NaN, 2.15163580880584e-312, 128978.107570072, 1.59875023337884e-112,  8.98637298518713e-243, 1.00496080260071e+180, -7.99990688549151e-280,  -3.31318983418522e+304, 9.74576447753728e-113, 5.07588390157017e-116,  5.07899483924801e-320, 0, 4.64001120670615e-205, 2.41737079499033e+35,  7.7877585047752e-308, -3.69867055914317e-159, NaN, 1.42760967077295e+181,  5.48671675763562e-310, 2.31696286470107e+77, -1.49960546094526e+126,  3.20757298593054e-319, 0, 0))
result <- do.call(blorr:::blr_pairs_cpp,testlist)
str(result)