testlist <- list(x = c(2.58981199050655e-307, NaN, -5.48612928033222e+303,  1.63019173062588e-260, NaN, 7.06382738403971e-304, 1.61297518171953e-257,  -7.99990554958688e-280, NaN, 9.74576447753728e-113, 5.07588390157017e-116,  -1.06335755105416e-176, 1.42575896990055e+214, 1.51252531380757e-312,  0, 5.3049065869526e-312, 0, 0, 0, 0, 2.4284314624389e-317, -562949953421312,  -4.20485098002948e-140, 1.04857573574032e-255, 3.13703838348227e-115,  3.52477760693629e-307, -1.31700378789217e+28, 9.11136727638145e-311,  -6.67113314602392e+306, -5.82852024984172e+303, 8.85449539944218e-159,  2.14327978499502e-312, 128978.107570072, 1.59875023337884e-112,  Inf, -7.72134029854235e-84, 7.15597569347109e-251, -1.28986071694503e+294,  9.36335270938467e-97, NaN, 2.85520664284671e+161, -6.88978631093722e+306,  -5.82852024984172e+303, 8.85449539944218e-159, 2.14327978499502e-312,  128978.107570072, 1.59875023337884e-112, 8.98637298518713e-243,  1.6690200483343e-308, -7.98824203857711e-280, 9.11136590428902e-311,  -6.67113314602392e+306, 4.8212389505418e+279, -1.06820023622602e-255,  NaN, 2.97403381695557e+284, 1.40876548118787e+161, 1.61363339152198e+184,  5.77636754892665e-275, NaN, -9.40591696517169e+24, 1.00496080260073e+180,  -2.09594355232913e+294, 3.06571532920587e-115, -4.03496294643223e-87,  2.54672248582809e-313, 1.42760928130527e+181, 7.23149031820522e-308,  5.77636583357087e-275, 2.05343407684666e-309, NaN, NaN, 5.24154081494241e+279,  9.94246486511075e-297, -1.29984381151472e+28, -1.34765550943381e+28,  7.29084040863411e-304, -2.60722711581973e+287, -3.8517092787009e-34,  1.11065452892308e-314, NaN, 2.12199579047121e-314, 0, 0, 0, 3.70898021189245e+299,  1.24998608397835e-321, 0, 7.95116739636879e+36, 6.38395078061776e-315,  1.75738820751464e+159, NaN, 0), y = c(1.28135925248927e-319,  0, NaN, 9.96873329542547e-309, -1.34765550943381e+28, 2.18011030958815e-106,  NaN, NaN, 8.85449459061086e-159, 8.37218665953851e-315, 3.53369412955677e+72,  2.76383203481844e-259, 3.13703838348227e-115, 1.90276393442785e-308,  2.13940868537749e-305, 3.24212129471449e+178, 7.54642448019094e+179,  NaN, -9.40591696517169e+24, 1.00496080260073e+180, -2.09594355232913e+294,  3.06571532920587e-115, -4.03496294643223e-87, 2.77447923393836e+180,  -2.63552610573984e-82, -2.62841760552745e-159, 9.34613869649187e-307,  2.75747826800164e-309, -1.0884465632057e+307, 3.21687814905717e+181,  1.81250437761959e-207, 7.48552777617268e+247, 5.77636796151408e-275,  NaN, -9.40591696517169e+24, 5.48663264415831e-310, 2.31696286470107e+77,  -1.49960546094526e+126, 3.20757298593054e-319, 0, 0, 3.39850888396782e-315,  3.98438750765783e+252, 1.48125324260022e+214, 8.39760636666098e-315,  0, NaN, 3.24181209953846e+178, NaN, 3.12825483621438e-146, 2.17388884170148e-322,  0, 3.95252516672997e-323, 2.0971286527899e-314, 1.42740904212728e+181,  9.34532648859981e-307, NaN, 2.41741899402198e+35, -6.67112700662748e+306,  -5.82900682309329e+303, -1.08193841662861e+307, 6.40610294902753e-145,  5.48674796870944e-310, NaN, NaN, 2.14329853688112e-312, -2.27610495948583e-159,  0, NaN, 3.91107305076628e-274, -1.34765550943377e+28, 3.25508379429307e+178,  2.77448001761239e+180, 2.58981199050757e-307, 2.77430056092499e+180,  2.75827097243341e+180, 2.77448001762434e+180, 2.78210573969021e+180,  2.77448001762435e+180))
result <- do.call(blorr:::blr_pairs_cpp,testlist)
str(result)