testlist <- list(x = c(0, 0, 0, 0, 0, 0, 0, 3.14219009897342e-115, 2.01643012037188e-319,  1.52919504680121e-308, 0, 0, 0, 2.67008863020864e-306, 0, -1.46271609115555e-154,  -8.91551872933801e+303, NaN, NaN, 1.43776322193775e+161, 4.51687442185939e-10,  2.14327978499502e-312, 1.04857559801461e-255, 3.13705387384993e-115,  3.38006054939872e+178, NaN, 3.12825483621438e-146, 3.07908094806045e-146,  5.71161711474333e-275, NaN, 1.44795010881143e-314, 0, 0, 0, 0,  5.09911082268234e+182, 1.54316463822055e-319, 2.17388884170148e-322,  1.77561204765828e+252, -5.91081219153482e-36, -3.74931033101325e-253,  -1.05168902913543e-176, 9.34704639616146e-307, 8.3975159971137e-315,  0, -2.37001899157646e+306, NaN, 1.03211490097508e-296, 5.2181291954879e+279,  -2.42208305489817e+24, -1.34765550943381e+28, 7.23149031820527e-308,  5.77636583357087e-275, NaN, -9.40591696517169e+24, 1.00496080260073e+180,  -2.09594355232913e+294, 3.06571532920587e-115, -4.03496294643223e-87,  2.54672248582809e-313, 1.42760928130527e+181), y = c(1.70888106686924e-304,  -1.36173404100048e+28, -1.34765550943381e+28, -1.34765550943381e+28,  -1.34765550943381e+28, -1.34765550943381e+28, -1.34765550943381e+28,  4.16143931024956e-297, 9.96873326402137e-309, -1.34765550943381e+28,  -4.20485099563915e-140, 7.05681447781244e-158, 3.39833555023577e+178,  3.07908049665631e-146, -3.61841824398353e-138, -4.02250795184041e-87,  9.11136725309762e-311, -6.67113314602392e+306, -5.82852024984172e+303,  8.85449539944218e-159, 2.14327978499502e-312, 1.04857559801461e-255,  3.13705387384993e-115, 1.90276391784976e-308, 6.51960956380587e-311,  -3.74890975345391e-253, 5.97468560415014e-92, 2.58981145684914e-307,  0, 0, 0, 0, 0, 2.12455095820174e+183, 1.26364698498917e-306,  7.54642389210222e+179, 9.34579656523398e-307, NaN, NaN, 3.53369545913128e+72,  NaN, 1.4276096707763e+181, -1.01810330038712e+80, -6.67115915940654e+306,  -5.82900682309329e+303, NaN, NaN, NaN, 8.02122698030437e-312,  1.11300704989635e+76, -4.77556612298434e-87, -1.34765515561531e+28,  -1.34765550943381e+28, -1.34765550943381e+28, 2.41738320131054e+35,  2.11780808118308e+36, 1.06096252570175e+37, 7.56602141516123e-315,  1.390671161567e-308, 9.56975204815473e+199, -1.34765572425515e+28,  -1.34765550943381e+28, -1.34765550943381e+28, -1.34765550943381e+28,  NaN, NaN, 3.44442210307504e+178, NaN, -6.01895553209379e+218,  4.18378598449113e-310, 5.41108926696144e-312, 1.63019173062588e-260,  NaN, NaN, NaN, -7.84399304522931e-84, 8.38205310386441e-309,  4.01405566690127e+74, -3.58049251917788e-253, 3.27066867734861e-312,  0, 0, 0, 0, 0, 0, 0, 0))
result <- do.call(blorr:::blr_pairs_cpp,testlist)
str(result)