testlist <- list(x = c(-4.20482554440863e-140, 7.29112201950355e-304, 1.54306582509138e-319,  NaN, 0, 0, 0, 2.38845655492602e+35, NaN, -5.48612930076931e+303,  1.00496080260071e+180, -7.99990688549151e-280, -3.31318983418522e+304,  -2.33055552752089e-156, 1.94648975512087e-308, 6.51960956380587e-311,  6.40588432008254e-145, 1.86679591372734e+159, NA, 3.05275881133566e-146,  NA, Inf, 1.51252531380757e-312, -4.20485099563802e-140, 7.2911220195564e-304,  -Inf, NaN, 9.34625762355256e-307, NaN, 8.3722599047705e-315,  0, 1.390671161567e-308, 9.60367083246493e-307, 8.3975159971137e-315,  0, -2.37001899157646e+306, 0), y = c(0, 3.04553074390775e-115,  -3.74890971118182e-253, 2.1801103095829e-106, -6.67113316687002e+306,  4.8212389505418e+279, 4.94065645841247e-324, -3.85164499399372e-34,  8.20786168559911e-317, 0, 1.69759663277222e-313, -1.27733779810222e+294,  0, 5.09911082268234e+182, 5.77636807742164e-275, NaN, -8.1542028248312e-280,  -3.85185988649917e-34, -3.74931033101325e-253, -1.05168902913543e-176,  9.34704639616146e-307, 8.3975159971137e-315, 0, -2.37001899157646e+306,  3.75252024607369e-101, -1.34765550942268e+28, 2.33251002275375e-308,  -4.19987381709656e-140, 7.20834935387592e-304, 8.85470246026103e-159,  5.48679624958878e-310, 0, -1.27856197940926e+306, -5.15273908894671e-36,  -7.7233510632257e-84, 7.05197221455796e-251, 9.34558288218966e-307,  2.45008560103066e+35, -7.29581012874667e-36, -7.72134029854232e-84,  7.15597569347109e-251, -1.28986071694503e+294, 3.06571532920587e-115,  2.41744047227089e+35, 3.50786608547285e-322, 0, 0, 0, 0, 0, 0,  0, -5.53991276347177e+303, -8.11058263272857e+298, 1.42760931482206e+181,  9.36335270938472e-97, 1.62597454369523e-260, 2.85520664284671e+161,  6.06402726760445e-92, 2.58981145684914e-307, 2.41737052026448e+35,  -1.71905592607395e+223, NaN, -1.06817373190923e+297, 3.53369545915248e+72,  1.61363450432193e+36, -3.69867056150403e-159, 2.76313567829949e+180,  7.54642307639806e+179, -2.63538611117714e-82, -3.079071722783e+296,  0, 1.42467979129749e-317, 7.49893742607449e-312, 7.69847017287844e+218,  -3.58041155457262e-253, -2.21724375766891e-253, -4.20485099563916e-140,  7.2911220195564e-304, -3.4066563480951e-83, NaN, 9.34625762355256e-307,  NaN, 3.53369545917581e+72, 4.99006302299659e-322, 0, -1.491667821162e-154,  NaN, -2.62841760552745e-159, -4.74156249361237e-296, -1.3476547798852e+28,  -1.34765550943381e+28, 5.10378587000346e-303, -4.20485099563897e-140,  7.05681447781244e-158, 3.39833555023577e+178))
result <- do.call(blorr:::blr_pairs_cpp,testlist)
str(result)