testlist <- list(rates = c(NaN, -Inf, 4.39013136496848e-259, NaN, -2.41844193503962e+24,  2.00134474032677e-256, NaN, 3.05162830045447e-05, NA, NaN, 0),      thresholds = c(1.42991672770676e-308, NaN, -5.7502866102558e+243,      -5.06443614361371e+245, -1.45099822316707e+128, 1.35342188260284e-48,      -5.17538999909499e+245, NaN, -5.06400186529511e+245, 1.82922136166111e-260,      NaN, 9.1245883769185e-313, 3.92660069275906e-310, 2.18007543500947e-106,      NaN, 4.77028265709785e-299, 1.65257101343723e+40, 1.43279037293961e-322,      0, Inf, 0, 0, 0, -5.48612406879369e+303, NaN, 3.81116666335215e+40,      Inf, NaN, 2.12199579047121e-314, 0, -Inf, 0, 0, 4.14452302922905e-317,      6.60757933022299e-304, Inf, 2.90501113694253e-317, 5.43230922360629e-312,      NaN, NaN, NaN, 0), x = c(-1.18182140534151e-125, NaN, 4.34940402462135e-114,      7.51011421099525e-308, 1.88062745788168e-119, 9.26369954385498e+25,      1.62968375413993e-310, 2.783485538935e-309, 5.95750442281563e+228,      5.95750441648073e+228, 5.95229749923487e+228, 5.95750278984877e+228,      2.78910999442478e+132, 6.06452365060233e+228, 4.11558861512409e+51,      6.13636390603352e-92, 1.32963778288506e-105, 2.33598865781438e-310,      6.47561816356976e-308, 1.68048229123576e+117, 2.08815717037579e-53,      1.08729903864638e-311, 5.95718343413698e+228, 5.95750278984877e+228,      5.95748245668231e+228, 5.95750278984877e+228, 5.13772671018457e-95,      -6.8983169458176e+305, -6.31007797996308e-256, 6.06452378675548e+228,      5.98415352919567e+228, -6.03473411205113e+304, -1.06559867604858e-255,      7.65635840961206e+38, 1.51189165578349e-304, -7.72446356775168e+306,      9.58685070020329e-307, 7.27880761791409e-304, 2.71044536618186e-309,      6.06452379804956e+228, 3.94173292993109e-259, 2.11195847952035e-106,      5.67905958774957e-311, -5.49952238194071e+303, 1.65276208593417e+40,      5.43265043087484e-311, 1.1504685814829e+228, 5.95750278984877e+228,      5.95229749923487e+228, 5.95750278984877e+228, 2.78910999442478e+132,      5.95750258651972e+228, -5.18846954791325e+245, 3.10503470425211e+231,      2.94664509246412e+229, 2.33589415641646e-310, 2.70150095835327e-307,      4.77923607234944e-299, -1.45094702117037e+128, -1.1818685957232e-125,      1.39781724570911e+181, -5.18931553596509e+245, 1.23596395333285e-279,      2.78348555323592e-309, -1.93372419505209e+242, 1.63335553564935e+40,      9.48135689520352e-318, 0, 0, 0, 0, 0, 0, 0, 0, 1.6189543082926e-319,      0, 1.39175762341198e-308, -1.35589439491048e+305, NaN, 1.91563771461686e+53,      NaN, -8.5243896509936e+245, 1.72759795267618e-260, 4.89613425871169e-299,      1.42943178999697e-101, 5.43655321645303e-311, 1.51172411644936e-304,      NaN, NaN, NaN, NaN, -5.10711120896701e+245, NaN, 2.0880966907764e-53     ))
result <- do.call(grattan::IncomeTax,testlist)
str(result)