testlist <- list(rates = c(-5.8290068155091e+303, 3.02609915862329e-306,  -3.01406959776519e-135, -8.47794417983927e+303, 7.334923554234e-270,  -2.8211686751182e-277, 3.41641322410626e-312, 7.19870908769578e-310,  4.08272418357189e-311, -1.26823091051179e-30, -4.02651530039782e-34,  -1.26836459270827e-30, 1.43026673502722e-316, 2.56647495110178e-301,  -4.9540049074147e-33, -1.26836459066993e-30, -1.26836459270829e-30,  NaN, 0, 0, 9.70395179000027e-101, -7.5565253390872e-308, -8.24519868127501e-157,  -2.30331109514079e-156, -2.30331110816477e-156, -2.30331097358367e-156,  NA, NaN, -5.48612677708849e+303, NaN, 7.07039469279248e-304,  7.06416448596898e-304, -6.98448328841344e-251, -9.77726661099795e-292,  -9.77719780333789e-292, 2.21845374314808e-12, -9.77719780333789e-292,  NaN, 7.19919234073803e-310, 9.70418706716128e-101, 9.70418696071228e-101,  -9.37438000463058e-287, 9.70462216627452e-101, -1.80720164994863e-248,  7.20047258077813e-310, 9.70418707380036e-101, 9.70418706716128e-101,  9.70418706716128e-101, 9.7041598162183e-101, 5.35249213585531e+116,  1.11737886463456e-319, 6.9627991035571e-310, 1.09415407971647e-314,  -8.81442986644817e-280, 2.56647495437793e-301, -2.30331110816311e-156,  -2.30331110816477e-156, -Inf, 2.17258280601558e-301, -2.05226840064919e-289,  0), thresholds = c(-7.06327445644878e-304, 2.9621337120295e-306,  -2.2962031506993e-156, -2.30331110816477e-156, -2.30331110816477e-156,  -2.30331110763906e-156, -2.30331110816477e-156, NaN, NaN, NaN,  1.3854086120054e-309, NaN, NaN, 6.95335580946088e-310, -2.87285026134096e-188,  -5.66362677157793e+303, NaN, NaN, 1.3854086120054e-309, NaN,  NaN, NaN, 5.43230922486616e-312, -2.30331152656642e-156, -2.30331110816476e-156,  1.09009353377335e+217, -3.0784026009623e-288, NaN, NaN), x = c(-2.6064446869563e+304,  5.85363771174557e+170, -2.18053517568981e-289, 8.74601785371863e-310,  2.2069586749599e-312, 0, 0, 0, 5.73642288572874e+170, 5.74181509249137e+199,  -2.11852534547717e-289, NaN, -2.6064446869563e+304, NaN, 9.70418706716128e-101,  9.70418706716128e-101, 9.70418706715965e-101, -2.67120427074892e+305,  NaN, -9.7757963632732e-150, 7.00757943320357e-310, 2.85706888870448e-312,  -1.22202102341414e-32, NaN, -6.64550662527324e-287, 9.38197868360131e+301,  1.55587395324171e-59, -2.82156678760544e-277, 3.2444302831103e-319,  NaN, NaN, NaN, NaN, NaN, -2.30331110815731e-156, -2.35343736825174e-185,  -5.34349793087407e-187, -3.15544362088405e-31, -7.2239847844844e-287,  4.94065645841247e-324, -2.29827868269844e-185, 6.65988378995207e-310,  2.22507386265736e-308, NaN, 2.94024551642532e-306, 3.83698199955456e+117,  7.29069965756742e-304, 2.81218450745104e-312, 9.6963001895514e+192,  4.08272328232155e-311, -1.26180792852152e+305, -3.97599402242772e-34,  -1.26836459270827e-30, 0))
result <- do.call(grattan::IncomeTax,testlist)
str(result)