testlist <- list(rates = c(3.23785921002061e-319, 0, 0, 0, 5.59610256518376e-275,  -5.48612406879369e+303, NaN, -5.55169938594585e+306, 4.65661286890991e-10,  NaN, NaN, 7.29112072943601e-304, -3.04032340824977e-288, 5.74181510034393e+199,  -2.11852534547344e-289, -8.18300487900495e-171, -2.30331110816477e-156,  -3.10351709768003e-277, -2.30330777402665e-156, -2.30331110816477e-156,  -2.30327665540415e-156, -2.30331110816477e-156, -1.12583501772562e-305,  2.84845449850627e-306, 3.83698199955456e+117, 7.29069965756742e-304,  2.84809454421762e-306, 5.85363594144907e+170, 2.72439294903385e-312,  -8.81442988748469e-280, -2.3033111077411e-156, -2.30331110816477e-156,  -1.12583501772562e-305, -2.30331110816477e-156, -6.36358120662016e+305,  -6.64678428260241e-287, NaN, NaN, NaN, -2.15995068804732e-277,  -5.69758255001719e-306, -1.01124278700263e-185, 6.06584682809919e-301,  -2.32054185473645e-185, -7.22077750345932e-277, -4.27803982342683e-317,  8.7589624413825e-310, 2.81218450745104e-312, 3.23790861658519e-319,  -2.31685870506272e-156, -2.30331110816477e-156, 7.19919234109356e-310 ), thresholds = NA_real_, x = c(2.00877667922349e-139, NA, 5.32272570074272e-308,  -2.05227035158757e-289, NaN, 1.76290236516785e-279, 3.8004944616188e-311,  -5.13724086629384e+305, NaN, 3.60253364834978e-306, 7.19870910878645e-310,  NaN, NaN, NaN, 1.3854086120054e-309, NaN, NaN, 9.54534827765288e-321,  -2.87285026134096e-188, -5.66362677157793e+303, 7.29112551029428e-304,  7.74565263102353e-304, -1.3906499427506e-309, NaN, -1.40444910099694e+306,  7.07039469279248e-304, -2.60644468696874e+304, NaN, NaN, 1.390671161567e-309,  NaN, NaN, NaN, NaN, NaN, 7.1991923423062e-310, NaN, 3.02610044756979e-306,  3.83698199955456e+117, 7.29069965756742e-304, 0, 0, 0, 2.3641409746639e-308,  1.48456814906984e-313, 3.9191047797502e+202, -2.18028465462708e-289,  NaN, 4.08272418357189e-311, 2.72129381972698e-312, -2.83427023367766e+306,  2.29775643588197e+189, 6.98063672113658e-310, 7.10542736437354e-15,  -5.48612422239372e+303, -9.77702922971014e-150, -9.77719780333789e-292,  -9.77719780333789e-292, -9.77719780333789e-292, -7.39330449774053e-287,  5.65404007732859e-302, 1.21044018122494e-305, -6.64550663505903e-287,  -8.81442986644817e-280, 2.56647495437793e-301, -2.30331110816311e-156,  1.42891481127928e-101, 9.70418706716128e-101, 1.95128366347825e-187,  2.34505333126984e-310, 9.70418706714725e-101, 9.70418706716127e-101,  9.70418706716128e-101, 9.70418706716128e-101, 9.70418706716128e-101,  9.70418706716127e-101, -5.39592047736313e-108, -5.46354690059085e-108,  -5.46354690059085e-108, -5.46354690059085e-108, NA))
result <- do.call(grattan::IncomeTax,testlist)
str(result)