testlist <- list(rates = c(2.84132113906601e-173, 1.34275506324855e+241,  -7.22669353876649e+304, NaN, 5.43223507567683e-312, 3.83698439012239e+117,  7.18520929158341e-304, 1.50192485449233e-307, -5.3172514347146e+305,  9.94684568527618e-316, 5.12272806694661e+120, 1.44632716009107e-307,  NaN, -2.74306263117642e+304, 1.80331548800345e-130, NaN, NaN,  NaN, NaN, NaN, NaN, NaN, NaN, NaN, NaN, NaN, NaN, -1.56500830966914e-209,  -1.56500839841835e-209, 2.08600674240167e-308, 8.22753060281186e+62,  NaN, 2.85279195360568e+180, NaN, NaN, NaN, NaN, NaN, NaN, NaN,  NaN, NaN, 7.29032584869847e-304, NaN, NaN, -1.72227260337231e-93,  1.39124676429592e-316, 1.36485553904905e-306, 4.17201348502353e-309,  1.09149921112146e-172, 2.84132113906601e-173, NaN, NaN, -2.70494360959418e-11,  5.03967420054364e+120, 1.53780002541014e-142, 4.79917890938833e-310,  4.99006302299659e-322, 5.55276031583294e-317, 0, 0, 0, 0, 0,  0, 0, 0, 0, 0, 0, 0, 0, 0, 0, 0, 0, 0, 0, 0, 0, 0, 0, 0, 0, 0,  0, 0), thresholds = NaN, x = c(4.18998493012724e-144, NaN, 1.23170580865923e+194,  2.77600674195731e+180, 2.77448001762441e+180, 2.77448001762435e+180,  2.77448001762435e+180, 2.77448001762435e+180, 2.77448001762435e+180,  3.31036971679371e-28, 3.3103697155251e-28, 3.3103697155251e-28,  3.3103697155251e-28, 3.3103697155251e-28, 2.15162046191642e-312,  NaN, 5.43222733866811e-312, 2.77447923392645e+180, 2.77448001762435e+180,  2.77448001572227e+180, 2.77448001762435e+180, 2.77448001762435e+180,  3.31045285527737e-28, NaN, 5.43223507567683e-312, 2.74256965482668e+180,  2.77448001762435e+180, 2.77448001762435e+180, 2.70079225494159e-82,  2.90435605018151e-144, -2.58762185242427e+304, 7.23149004412502e-308,  2.77448001676702e+180, NaN, NaN, 2.77448001762442e+180, 2.77448001762435e+180,  Inf, NaN, NaN, NaN, 2.95941217102158e-144, -1.45681544434004e+144,  1.30305746674449e-312, 3.83698439015062e+117, 8.37203199836951e+115,  4.5243943505808e+43, 2.99521925137824e-05, -2.87967938219629e+304,  -1.00693343083709e+307, -1.85133771268567e+304, -5.486124068794e+303,  NaN, 2.63554948580763e-82, 5.43222633457849e-312, -5.3172514347146e+305,  2.77448598139128e+180, 2.77448001762435e+180, NaN, 5.43223507567683e-312,  1.23170650482119e+194, NaN, 2.77448001762435e+180, 2.77448001762435e+180,  2.77448001762435e+180, 2.77448001762435e+180, 2.77448001762435e+180,  2.77448001762435e+180, 1.23170580865925e+194, 2.77600674195731e+180,  2.77448001762435e+180, 2.77448001762435e+180, 2.77448001762435e+180,  2.77448001762435e+180, 2.77448001762435e+180, -2.51617453667531e-265,  3.83698281515951e+117, 1.11206271828531e-317, 2.00042176300345e-183,  8.2889210598497e-317, 1.39065019028047e-309, -5.48612406879369e+303,  0))
result <- do.call(grattan::IncomeTax,testlist)
str(result)