testlist <- list(rates = c(8.31143311567173e-310, 2.11370674490681e-314,  2.31407681284749e-306, 33554432.062793, -2.11852729501536e-289,  -3.07840103521725e-288, -6.64630829265655e-287, NaN, NaN, NaN,  NaN, 3.02540511203045e-306, 6.9881578015912e-310, -1.97016600967949e-305,  3.67243167611472e-306, -5.46354690058917e-108, -5.46354690059085e-108,  -5.46310509567581e-108, -5.46354690059085e-108, 2.81218450828601e-312,  3.23790861658519e-319, -2.93478522777824e-277, NaN, NaN, NaN,  NaN, 6.95335581431077e-310, -5.53451677008803e-108, -5.46354690059085e-108,  -2.24767623012974e-289, -1.24371214513728e-30, -1.26836459270829e-30,  -3.01363922187462e-135, -2.30331110816476e-156, -2.30331110816477e-156,  -2.29449120144681e-156, -2.30331110816477e-156, -1.84314079543842e+306,  7.1987099133561e-310, NaN, 3.78576699573368e-270, 7.29112072938316e-304,  -3.04032340824977e-288, 1.25812539315327e-60, -5.66365833706557e+303,  5.43230922486616e-312, -3.9759940224262e-34, -1.26823100659151e-30,  -1.26836459270829e-30, 2.39422219319154e-301, -2.87284834993229e-188,  -2.35322190464904e-185, -5.77729739522216e-275, 7.31960296499841e-304,  NaN, 6.98147805439749e-310, -2.67120456398365e+305, 1.39066109167247e-309,  0, 0, 0, 9.23492568228087e-311, 5.79909433230408e-316, 1.44804023176556e+190,  -1.75590191507535e+306, 2.29775642758296e+189, 4.36428616530596e-306,  3.90913259233617e+304, 3.65784678046935e-306, 1.01955734498014e-314,  2.12199579096527e-314, -5.48612406879369e+303, NaN, NaN, NaN,  NaN, NaN, NaN, NaN, NaN, NaN, NaN, NaN), thresholds = NaN, x = c(NaN,  NA, 2.99219609554063e-306, -7.06389539007912e-304, 2.64121166339307e-301,  -1.26836459270829e-30, 0, 3.94108708470682e-312, 2.71598149214445e-306,  -1.26836459270255e-30, 3.66148293307183e-314, -1.2341419504043e-30,  -2.24767481577173e-289, 7.54951658409808e-15, -3.1315127781037e-294,  3.56047671159453e-306, -2.21335392572327e-289, -4.95400484443369e-33,  -1.26836459270829e-30, 2.1788294981599e-321, NaN, -9.77941371393343e-150,  NaN, 2.50111043327739e-12, 7.74565138159227e-304, 2.12198042552369e-314,  0, 1.59481377704771e-313, 0, 1.40913782993788e-315, 8.84871571701673e-321,  -5.35532635250002e+305, 1.38803996951476e-309, NA, 2.89689873904097e-312,  -3.18411881987467e-248, 1.80354409094537e-130, 1.55571390562492e-319,  3.23790861658519e-319, NaN, NaN, NaN, -5.46354690060757e-108,  -5.46354690059085e-108, -5.46354690059085e-108, -2.82153222123029e-277,  -1.42447098956418e-305, -8.24519868127501e-157, -2.30331110816477e-156,  NA, -1.32227247361023e-278, 1.81264677652528e+286, NaN, -5.48612677708849e+303,  NaN, 7.07039469279248e-304, 530.000489264727, 0))
result <- do.call(grattan::IncomeTax,testlist)
str(result)