testlist <- list(rates = c(-2.11866430635714e-289, 1.28823036902948e-231,  6.95335580950455e-310, 1.93515632163099e-319, 0, 2.95489645946111e-306,  7.10542909137157e-15, 6.9533620375777e-310, -2.30328334270592e-156,  -2.30331110828348e-156, -2.30331110816477e-156, -2.30331110816272e-156,  -5.5516993870748e+306, 4.65661286890991e-10, NaN, NaN, 7.29112072943601e-304,  -3.04032340824977e-288, -5.08189404593326e-306, 3.00089887426119e+284,  -2.30331110816477e-156, -2.30331110816477e-156, -2.30327665540415e-156,  -3.18471904296289e-248, NaN, 4.00791842552789e-306, 2.34012289634757e-269,  -1.26836459270829e-30, 3.94108708470682e-312, 4.91407572666621e-319,  2.72888639290682e-312, 3.63041237940668e+282, 2.71984550446759e-312,  7.19919233907545e-310, -7.55234771438901e-287, 3.7835305088198e+117,  -1.97637754038728e+306, 1.25986739689518e-321, 0, 0, 0, 9.72926582174422e-309,  NaN, -1.40444736503779e+306, -1.4094657681933e-52, -1.05115074807266e-286,  -1.21044017903676e-305, -1.84912323760304e-248, 2.40313001605884e-306,  7.2911220195564e-304, 0, NaN, NaN, NaN, NaN, NaN, NaN, NaN, NaN,  NaN, NaN, NaN, NaN, -1.28189897098414e-30, 6.01362129181413e-317,  1.55587395324171e-59, -1.26836459270829e-30, 3.56013998772825e-306,  -5.68390526593079e-275, -1.24255658710767e-30, 1.00891829368586e-309,  2.80103704451952e-312, 2.56692973175246e-301, -2.30331110816311e-156,  -2.30331110816477e-156, -6.05390363808932e-157, -2.30331110816477e-156,  -1.32083970121448e-284, 2.94004723713861e-306, -2.2962031506993e-156,  -2.30331110816477e-156, -2.30331110816477e-156, -2.30331110763906e-156 ), thresholds = c(Inf, NaN), x = c(1.38523889525327e-309, NaN,  NaN, -4.24399158143648e-314, 2.61501127092957e-310, 9.7041870746317e-101,  7.91826926828272e-101, 3.65206861372453e-306, -9.11378520770331e-306,  -7.49407780182268e-156, -2.30331110816477e-156, 2.05037243024117e-321,  -1.26836459066847e-30, 3.91682458094239e-306, 3.60297094493192e-306,  -3.01363922187477e-135, -3.67206769523326e-306, 2.22507591834078e-308,  3.6634314068609e-305, -2.11966640218428e-289, -1.1258489254964e-305,  -2.30331110816477e-156, -2.31073745846391e-156, 2.39958945521985e-309,  5.68604456976406e-270, -8.81443176193936e-280, 3.41641371420455e-312,  NaN, 3.56048348188083e-306, 34082834.0004893, NaN, 2.80614289249855e-312,  -2.2308331518689e-289, 1.67616711008101e-319, 0, 0, NaN, 2.84809453888922e-306,  2.84347436052587e-312, 2.47222686857108e-94, 3.5601616320854e-306,  8.90029544463878e-306, 0, -5.48681743872631e+303, 33554432.062793,  1.84870553760557e-272, 2.30127027866676e-12, 3.652069863913e-306,  0, 9.23492568228087e-311, 5.79909433230408e-316, 1.44804023176556e+190,  -1.75590191507535e+306, NA, 4.36428616530596e-306, 3.90913259233617e+304,  3.65784678046935e-306, 1.01955734498014e-314, 2.12199579096527e-314,  -5.48612406879369e+303, NaN, NaN, NaN, -Inf, NaN, NaN, NaN, NaN,  NaN, NaN, NaN, NaN, -1.26836459351501e-30, 4.00930495879766e-306,  -Inf, 3.94108708470682e-312, 0))
result <- do.call(grattan::IncomeTax,testlist)
str(result)