testlist <- list(rates = c(-1.90877083254457e-287, NaN, -9.77719780333789e-292,  -9.77719780333789e-292, 3.65365168990595e-306, 2.8480945455619e-306,  7.10543086528503e-15, 3.65365168992619e-306, NaN, -6.56793027847815e-287,  -8.81442988493713e-280, -2.64494692448922e+154, 2.29775642758308e+189,  -Inf, NaN, -2.05251892169442e-289, 1.38524284253205e-309, -9.77719780333809e-292,  -9.77719780333789e-292, -9.77719780333789e-292, 4.46078843844753e-99,  7.19919233962066e-310, -Inf, 4.36707825033567e-306, -6.36390391980068e+305,  3.65207086659737e-306, NaN, NaN, 1.39067049844331e-309, 0, 0,  0, 9.70418614810987e-101, 9.70418706716128e-101, 3.65190389201212e-306,  9.70418706716128e-101, 9.70418706716128e-101, 9.70418706716128e-101,  NaN, NaN, NaN, NaN, -4.29076497820112e-317, 7.29111937478047e-304,  -3.04032340824977e-288, 7.84460841917251e+168, 2.81218450794511e-312,  1.26480805335359e-321, 0, 0, 1.40913782993788e-315, -1.39608225084281e-309,  3.83677401710034e+117, NaN, -1.06567983545374e-314, -9.77619616468374e-292,  -9.77719780333789e-292, -9.77719780333789e-292, -2.8214501260893e-277,  -2.2652729467719e-309, 0), thresholds = c(-1.26836459120445e-30,  6.01362129181413e-317, 2.92300471201586e+48, 4.00930496395824e-306,  -1.26826378018642e-30, 1.38917993942684e-309, 2.80103704451952e-312,  NaN, NaN, NaN, 2.80609092942586e-312, 9.23492568228087e-311),      x = c(-1.9614429918638e+23, -1.96154140339432e+23, -1.96154140339432e+23,      -1.96154140338067e+23, -1.96154140339432e+23, 2.98491476673782e-306,      1.8614317067356e-130, -1.96154140339431e+23, -4.8660282906991e-110,      -5.46329247192158e-108, 2.34657552581999e-98, -5.46354690059085e-108,      -5.71336793340794e+303, NaN, -2.82171801497134e-277, 3.41641322410626e-312,      7.19870908769578e-310, 4.08272418357189e-311, 0, 0, 0, 9.23492568228087e-311,      5.79909433230408e-316, 1.44804023176556e+190, -1.75590191507535e+306,      2.29775642758296e+189, 4.36428616530596e-306, 3.90913259233617e+304,      3.65784678046935e-306, 1.01955734498014e-314, 2.12199579096527e-314,      -5.48612406879369e+303, 5.43230922486616e-312, 4.91407572666621e-319,      2.72888639290682e-312, 3.63041237940668e+282, 2.71984550446759e-312,      NaN, NaN, NaN, NaN, NaN, -5.48746345455267e+303, -3.65398847701729e-306,      3.83677401710034e+117, -2.18028465462708e-289, 534.645996093779,      -1.24281111519981e-267, -2.82151357935463e-277, -2.2652729467719e-309,      3.91612999627791e-306, 6.98394321837139e-310, 2.84845447183698e-306,      2.81741340991653e+118, -5.49084600862143e+303, 2.84809454419437e-306,      NaN, NaN, NaN, NaN, NaN, NaN, NaN, NaN, NaN, NaN, NaN, NaN,      NaN, NaN, NaN, NaN, NaN))
result <- do.call(grattan::IncomeTax,testlist)
str(result)