testlist <- list(rates = c(-Inf, -9.77719780333789e-292, -9.77719780333789e-292,  9.82745041327995e-101, Inf, 8.2863938883057e-312, -5.66899487076606e+303,  NaN, 7.1987099133561e-310, NaN, NaN, 5.43230663453926e-312, 0,  0, 0, 9.70418706357123e-101, 9.70418706716128e-101, 9.70418706716128e-101,  9.70418706716128e-101, 9.70418706716128e-101, -9.77719780333789e-292,  NaN, 4.77830972673634e-299, NaN, Inf, -9.77719780333789e-292,  4.46078843844753e-99, 7.19919233962066e-310, 2.12131683540626e-309,  4.36707825033567e-306, -6.36390391980068e+305, 1.25804640560829e-60,  NaN, 5.43230922486616e-312, -3.9759940224262e-34, -1.26823100659151e-30,  -1.26836459270829e-30, 2.39422219319154e-301, -2.87284834993229e-188,  -2.35322190464904e-185, -5.77729739522216e-275, 7.31960296499841e-304,  NaN, 6.98147805439749e-310, -7.39330192387607e-287, NaN, 2.56647495437459e-301,  -2.18103493600849e-289, -8.2889857824493e-317, -7.88337361258886e-308,  3.65784678046929e-306, 1.390671161567e-309, 3.56048353890995e-306,  -1.23416654681114e-30, -1.26836459270829e-30, -7.2239847844844e-287,  4.94065645841247e-324, -2.29827868269844e-185, 6.65988378995207e-310,  2.22507386265736e-308, NaN, 2.94024551642532e-306, 3.83698199955456e+117,  7.29069965756742e-304, 0, 0, 0, 2.3641409746639e-308, 1.48456814906984e-313,  3.9191047797502e+202, -2.18028465462708e-289, 0), thresholds = c(NaN,  NaN, Inf), x = c(7.74565138159227e-304, -5.90896719776808e-306,  5.2731595405487e-312, -5.74764392137174e-306, 3.65190389201212e-306,  1.04571926052406e-308, -6.69969684636807e-287, -5.43599539554459e-108,  -5.46354690059085e-108, -5.46354690056452e-108, -5.46354690059085e-108,  -5.46354690059085e-108, -5.46354690059085e-108, -5.46354690059085e-108,  -5.46354690059085e-108, NaN, NaN, NaN, NaN, NaN, NaN, NaN, -2.52435489670724e-29,  3.66148293307183e-314, -1.2341419504043e-30, 7.29111937478057e-304,  -3.04032340824977e-288, 7.84460841917251e+168, 2.81218450794511e-312,  1.26480805335359e-321, 0, 0, 1.40913782993788e-315, 8.84871571701673e-321,  -8.81442986651231e-280, -2.11866430635714e-289, 1.06243882805742e-314,  0, 1.93515632163099e-319, 0, 6.98594916738453e-310, -2.97578918250622e-288,  NaN, 5.43230663453926e-312, 0, 0, 0, 9.70418706357123e-101, 9.70418706716129e-101,  9.70418706716128e-101, 9.70418706716128e-101, 9.70418706716128e-101,  -3.72626152437281e+304, NaN, 1.2864600747535e-313, 9.70418706716128e-101,  9.70418706716128e-101, 9.70418706716128e-101, 9.70418706716128e-101,  9.70418706716128e-101, NaN, NaN, 2.74711394303795e-282, 7.00767890008367e-310,  8.53111842806076e-85, 1.91777968406795e+289, 1.425439003045e-308,  -6.64678428252792e-287, -5.463546900558e-108, -5.46354690059085e-108,  -5.46354690059085e-108, -5.46354690059085e-108))
result <- do.call(grattan::IncomeTax,testlist)
str(result)