testlist <- list(rates = -3.67243182468058e-306, thresholds = c(-7.92736885289052e-308,  -1.25152224677666e+306, 8.89753147509532e-305, -5.48612406879369e+303,  7.2065692264625e-304, 2.31407759012372e-306, 33554432.062793,  1.84870553760557e-272, 4.65604443888878e-10, -9.77702922974712e-150,  1.48456814906984e-313, 2.84844220667961e-306, 2.89689873903603e-312,  -3.18411881987467e-248, 2.08964957151527e-309, -9.77703287175481e-150,  2.31058266785128e-138, 2.00877667922349e-139, 5.32272570074272e-308,  NaN, 3.78576699573368e-270, -9.77580118946814e-150, 5.8536377186878e+170,  5.39907627431893e-310, NaN, NaN, NaN, NaN, NaN, 2.95699227125874e-306,  1.47812115956268e+282, -1.25152205320375e+306, 2.60187727435827e-259,  -1.26836459064586e-30, NaN, NaN, 6.95335580946088e-310, -2.87285026134096e-188,  -5.66362677157793e+303, NaN, -9.77580118946814e-150, 5.74181509249131e+199,  -2.11852534547717e-289, NaN, -1.26836479922647e-30, 5.67865050383217e-270,  3.91612999099404e-306, -3.56047810653759e-306, 4.15015142506647e-317,  0, -2.87297712943384e-188, 2.95489808409756e-306, -2.2962031506993e-156,  -2.30331041518704e-156, -2.30331110816477e-156, -2.30331110763906e-156,  -2.30331110816477e-156, NaN, NaN, NaN, NaN, 7.73071190387239e-12,  -1.23269187525535e-30, -2.82116711389276e-277, -2.2652729467719e-309,  3.91612999627791e-306, 6.98394321837139e-310, -6.76385741726459e-231,  -3.01441881829647e-305, -1.24267941904771e-267, -2.10458031872912e-289,  2.85706888873906e-312, -1.22202102341414e-32, 3.7835305088198e+117,  -1.97637754038728e+306, 2.72814038002143e-312, 3.56046584140199e-306,  2.62480682658967e-301, -6.56793027847815e-287, 6.98391254769288e-310,  3.65365168447703e-306, 5.65447785415938e-302, 1.21044018122494e-305,  5.85363771868791e+170, 2.10901416965392e-312, NaN, NaN, NaN,  NaN, NaN, -5.02570917414969e+306, 6.37328271834745e+40, -8.06310497168394e+303,  -9.11307071058569e-306, -2.05239659696518e-289, -2.35343652661368e-185,  -2.35343736826454e-185, 7036874417766.31, -2.35343736826455e-185 ), x = c(5.44329432064779e-312, 4.85386511790195e-303, NaN, 1.42873423910284e-101,  8.28904556439245e-317, 0, 0, 0, 0, 0, 0, 0, 0, 0, 0, 0, -1.40427632023403e+306,  7.19929512000783e-310, NaN, NaN, -2.30880195073034e-289, 7.84460841922937e+168,  5.85363771868791e+170, -9.77579998268762e-150, 5.8536377186878e+170,  9.69630018960263e+192, 3.60253364836636e-306, NaN, NaN, 3.23785921002061e-319,  NaN, NaN, -2.84878987447e-306, NaN, NaN, NaN, NaN, NaN, NaN,  NaN, NaN, NaN, NaN, -1.28189897098414e-30, 6.01362129181413e-317 ))
result <- do.call(grattan::IncomeTax,testlist)
str(result)