testlist <- list(rates = NaN, thresholds = c(-1.34765550943381e+28, NaN,  NaN, 1.3906501987003e-309, -6.51477233169251e+303, 1.25986739689518e-321,  6.95335589040167e-309, -5.4861292803319e+303, 1.0567763617903e-293,  NaN, 3.04265551931834e-144, 1.85575648671889e+53, 2.95941249538295e-144,  2.00042085468792e-183, 8.2889210598497e-317, -2.88021513611656e+304,  6.31088725681422e-28, NaN, 3.1353327238974e-294, 7.29024278668966e-304,  -Inf, 5.16828302208144e+120, NaN, NaN, 2.18007543808417e-106,  3.34936308426032e-111, 1.75980614900606e-130, 1.80331613628474e-130,  3.96622233289319e-310, -7.15905456829199e+304, 7.2903258603164e-304,  4.46559051696782e+43, -2.72820946219138e-11, -2.70494424244937e-11,  1.60993257980275e-24, 8.9095878053733e+194, 8.37100641918078e+115,  3.83698281517203e+117, 2.68253350966085e-82, 2.90435605018151e-144,  4.18998493012724e-144, 7.50871604544118e-308, 2.63554839664967e-82,  2.12196341187911e-314, 3.24191562701101e+178, 2.77448001762435e+180,  2.77447959720494e+180, 4.16348356759281e+202, 8.76130844671872e+194,  4.05071216881845e-144, 2.90435605018645e-144, NaN, NaN, NaN,  NaN, NaN, NaN, NaN, NaN, -7.21232445132047e+304, 0), x = c(2.77448001762435e+180,  2.77448001762435e+180, 2.77448001762435e+180, 4.46015072443745e+43,  4.23352053470512e+175, NaN, NaN, NaN, NaN, NaN, NaN, NaN, NaN,  NaN, NaN, NaN, NaN, -1.71834850263239e-93, 5.43452447799538e-319,  5.43223475676734e-312, 5.16828234876896e+120, 2.85351632101249e-173,  2.84132113906601e-173, 2.84132114440832e-173, 1.36257052583702e-105,  -2.87980148639721e+304, NaN, NaN, NaN, NaN, -1.71834850263239e-93,  5.43452447799538e-319, 5.43223475676734e-312, 5.16828234876896e+120,  4.54591376928944e-231, 2.84132113906601e-173, 2.84132250669554e-173,  3.34936026017798e-111, 1.75980614900606e-130, 1.80331613628474e-130,  4.46015329317765e+43, 3.83698282132418e+117, 7.18609505983388e-304,  NaN, NaN, NaN, NaN, NaN, NaN, NaN, NaN, 1.38470701984657e-300,  2.23576549985131e-183, 7.41841230148279e-68, -3.97744622824617e+304,  2.2357654998786e-183, 7.29023199006604e-304, 2.8413211397929e-173,  2.84152781379364e-173, 2.84132113906601e-173, 6.56638116857602e-283,  5.41108926696144e-312, 1.2063172844486e-178, NaN, 4.09155311330475e-140,  -2.70494424244937e-11, -2.70494424244937e-11, -2.70494424244937e-11,  NaN, NaN, NaN, NaN, NaN, 1.390671161567e-309, -1.37153520044139e+305,  -1.97743936079564e-11, -2.70494424244937e-11, -2.70503619503322e-11,  -2.70494424244937e-11, NaN, 5.43223507567683e-312))
result <- do.call(grattan::IncomeTax,testlist)
str(result)