testlist <- list(rates = c(5.4169641229678e-307, -8.81443406943173e-280,  1.23269447171475e-30, -1.26836407088752e-30, -3.66343140688495e-305,  3.83677401710034e+117, 2.60187727437777e-259, -1.97638431580917e+306,  1.25986739689518e-321, -8.81442566340549e-280, 2.11370674490681e-314,  9.23492568228087e-311, 0, 0, 0, -5.48612407015086e+303, 2.96439387504748e-323,  -7.393303998387e-287, 9.70418706714725e-101, 9.69721082575941e-101,  9.70418706716128e-101, 9.70418706716128e-101, 9.70418706716128e-101,  9.70418706716128e-101, 7.74565015452962e-304, 9.70534158838524e-101,  9.70467213394625e-101, 9.70418706716128e-101, 9.70418706716127e-101,  6.97210245417688e-310, -6.76385741726459e-231, NaN, 8.25767832466928e-317,  2.11484013890936e-314, 7.29023199001299e-304, 0, 0, 0, 0, 0,  0, 0, 0, 0, 0, 0, 0, 0, 0, 0, 0, 0, 0, 0, 0, 0, 0, 0, 0, 0, 0,  0, 0, 0, 0, 0, 0, 0, 0), thresholds = c(1.00891829346114e-309,  -7.30730596856151e-310, -1.12938928206253e-287, 6.23700098582428e+291,  -1.26836421360306e-30, 2.39958945525286e-309, 5.68604456976406e-270,  -1.26836459270829e-30, -1.26836421360307e-30, 2.39958945525286e-309,  4.35857935464267e-311, 3.56048353890995e-306, -1.23416654681114e-30,  -1.26836459270829e-30, -7.2239847844844e-287, 3.60739284469037e-313,  2.26527122355628e-318, 8.54602158179859e+194, 7.18076182606196e-304,  7.19919233907466e-310, 9.70418706716128e-101, 9.70418696071228e-101,  9.70418706716128e-101, 9.70418706716128e-101, 9.70418706716128e-101,  9.70418706716128e-101, 9.70418706716128e-101, 9.70418706716128e-101,  9.70418706716128e-101, 9.69721082575941e-101, 9.70418706716128e-101,  NaN, NaN, -1.75590258476828e+306, NaN, NaN, -8.22918191761028e+304,  -3.02910005931756e-288, 2.08964957151527e-309, -9.77703287175481e-150,  3.23785921002061e-319, -1.83593039793342e-307, -2.30331110816475e-156,  -1.12583501772562e-305, -2.30331110816477e-156, -6.36358120662016e+305,  -6.64678428260241e-287, NaN, NaN, 2.84843134202101e-306, -2.30328263070267e-156,  -7.28442288179234e-157, -2.30331110816477e-156, -2.30331097358367e-156,  -2.30331110816477e-156, -8.81442988493744e-280, -2.64494692448922e+154,  -1.40959400898657e-52, 2.33385062983118e-301, 2.12628684398374e-314,  NaN, NaN, 2.52467545024877e-321, NaN, NaN, NaN, 4.77830972673648e-299,  9.70395180102152e-101, 9.70418706716128e-101, 9.70418706716127e-101,  9.70418706716128e-101, 9.70418706716128e-101, 9.70418706716128e-101,  9.70418706716128e-101, 9.70418706716128e-101, 9.70418706716128e-101,  9.70418706716128e-101, 9.70418706674546e-101, 3.83687416993436e+117,  -1.32227247459919e-278, -2.3033104520971e-156), x = c(-2.35343736784503e-185,  3.65365169082132e-306, 2.8480945455619e-306, 7.10613482629917e-15,  2.84809461862992e-306, -7.79590915695412e-308, -1.2683645927027e-30,  3.78576699573368e-270, -2.35343736784503e-185, -1.24351955275956e-30,  -1.26836459270829e-30, 5.20542961913381e-270, NaN, 1.84851904142362e-272,  -Inf, -1.26836459270829e-30, -7.2239847844844e-287, -5.82900230650636e+303,  NaN, NaN, -7.24536892004182e-171, 2.8487888201287e-306, 7.10591798586467e-15,  -2.25613763472792e-305, 3.65190389201212e-306, -1.46166810125811e-52,  -5.69829962335073e-306, -7.39330555871538e-287, -1.33453641541175e-314,  -2.10457917502487e-289, 3.45845952088873e-323, 3.94108708470682e-312,  2.71598149214445e-306, -1.26836459270255e-30, 3.66148293307183e-314,  -1.2341419504043e-30, -2.24767481577173e-289, NaN, 2.80614289249855e-312,  0))
result <- do.call(grattan::IncomeTax,testlist)
str(result)