testlist <- list(rates = c(1.23170580865923e+194, 3.8369843877193e+117, 2.04210735270441e+280,  7.18556106257092e-304, NaN, 7.29032584869847e-304, 1.26217975946955e-27,  -1.56500839842578e-209, 2.19780579651569e-309, -1.52087325303613e-209,  -1.85133727361007e+304, 2.77448001761251e+180, 2.77448001762435e+180,  2.77448001762435e+180, 5.50814852228496e-310, 2.774480017621e+180,  NaN, NaN, NaN, NaN, NaN, NaN, -8.37116099364271e+298, NaN, NaN,  NaN, NaN, NaN, -1.93267624126747e-12, 9.11767501288655e-312,  NaN, 2.84132113906343e-173, 1.23239822953881e-27, NaN, 5.41117188042412e-312,  1.38647698715568e-309, 2.84132113906885e-173, 1.61013452730503e-24,  3.16532144686239e+180, 2.77448001762435e+180, 2.77448001762435e+180,  2.77448001762435e+180, NaN, -1.56500839842578e-209, 4.46015329317755e+43,  3.83698282132418e+117, 7.18609505983388e-304, -1.56500888530364e-209,  -1.56500839841835e-209, 1.30999430919094e-316, -1.56500839578769e-209,  3.44441933747494e+178, 2.77448001762435e+180, 2.77448001762435e+180,  -4.69526163440602e+305, 4.46015072443745e+43, 4.23352053470512e+175,  NaN, NaN, NaN, NaN, NaN, NaN, 3.23785921002061e-319, 0, 0, 0,  0, 0, 0, 0, 0, 0, 0, 0, 0, 0, 0, 0, 0, 0, 0, 0, 0, 0, 0, 0, 0,  0, 0, 0, 0, 0, 0, 0, 0, 0), thresholds = c(NaN, Inf, NA), x = c(NaN,  2.89422986933961e-173, 2.84132113906601e-173, Inf, 2.84132113906601e-173,  1.37825267808533e-284, NaN, 1.54905692740465e-312, -5.3172514347146e+305,  2.77448598139128e+180, 2.77448001762435e+180, -1.93267623717514e-12,  9.11767501288655e-312, NaN, -5.48746343411527e+303, 2.84132113906529e-173,  Inf, 3.90914936710285e-308, 2.77447995400337e+180, 2.77448001762435e+180,  2.77448001762435e+180, 2.77448001762435e+180, 2.77448001762435e+180,  -1.10252259409951e-229, Inf, 2.77448001762435e+180, 2.77448001572227e+180,  6.12811851407469e+197, NaN, NaN, 5.16401285858016e+120, 1.44632716009107e-307,  NaN, NaN, -1.12612678974626e-88, 3.13151306251402e-294, NaN,  NaN, NaN, 1.61013452731574e-24, 3.16532144686239e+180, 2.77448001762435e+180,  2.77448001762435e+180, 2.77448001762435e+180, NaN, -1.56500839842578e-209,  -1.56500839841835e-209, -1.56500839841835e-209, 4.94065645841247e-324,  -2.82266461892444e+304, 2.77447924165542e+180, 2.77448001762435e+180,  2.77448001762435e+180, 2.77448001762435e+180, 2.77447979814893e+180,  NaN, NaN, NaN, NaN, NaN, NaN, NaN, NaN, NaN, NaN, NaN, NaN, -7.2911220195564e-304,  2.33412480329989e-309, -1.78379395381334e+304, 5.41108926822131e-312,  1.38647698715568e-309, 0))
result <- do.call(grattan::IncomeTax,testlist)
str(result)