testlist <- list(rates = c(5.43223499222915e-312, -3.56450720366282e-93,  3.56159180157686e-314, 5.67167035009198e-310, -Inf, 9.52157095844341e-307,  4.46015025262667e+43, 7.15604264128451e-304, -Inf, 2.77448001762435e+180,  2.77448001762435e+180, 2.77448001762435e+180, 2.77448001762435e+180,  2.77448001762435e+180, 2.77448001762435e+180, 2.77448001762435e+180,  2.77448001762435e+180, 2.77448001762435e+180, 2.77448001762435e+180,  -Inf, 2.77448001762435e+180, 2.77448001762435e+180, 2.77448001762435e+180,  2.77448001762435e+180, 2.77448001762435e+180, 1.33939390043606e-142,  -2.53418983986046e+304, 2.77448001764258e+180, NaN, 2.8413687764954e-173,  2.84132113906601e-173, 2.84132113908688e-173, 6.23057823790654e+140,  -Inf, 1.20089319277908e-178, 3.96622233289319e-310, -7.15905456829199e+304,  7.2903258603164e-304, 0), thresholds = -Inf, x = c(9.79690264253084e-141,  2.18007593679718e-106, 2.77448598139128e+180, 2.77448001762435e+180,  -1.93267623717514e-12, 9.11767501288655e-312, NaN, -5.48746343411527e+303,  2.84132113906529e-173, 2.84132113906601e-173, 3.90914936710285e-308,  1.23239822953883e-27, NaN, 1.39065217937453e-309, 3.83738600246539e+117,  NaN, NaN, 6.1718895773929e+303, 2.33412480319557e-309, 2.23576549985131e-183,  7.29023199006604e-304, 2.84132109159451e-173, 2.84132113906601e-173,  2.84132113906601e-173, 6.22706779618001e+140, 3.96558585719638e-310,  -5.70642425329479e+305, 2.77474317717187e+180, 2.77448001762435e+180,  2.77448001762435e+180, 2.77448001762435e+180, 2.77448001762435e+180,  2.77448001762435e+180, 2.77448001762435e+180, 2.77448001762435e+180,  2.77448001762435e+180, 2.77448001762435e+180, 1.01145361746601e-123,  2.77448001762435e+180, 2.77448001762435e+180, 2.77448001762435e+180,  2.77448001762435e+180, 2.77448001762435e+180, 2.77448001762435e+180,  2.90457027634082e-144, -5.48745941508334e+303, 2.84132113906602e-173,  1.38583534119819e-309, 1.25542034707731e+58, 4.08187129057559e-140,  4.18998493012724e-144, 7.50871604544118e-308, 2.63554839664967e-82,  2.12196341187911e-314, -2.48704362952506e+304, 2.71688726363027e-311,  1.39067116156574e-309, NaN, 1.25986739689518e-321, 3.96558573507921e-310,  -5.70642425329479e+305, 2.77474317717187e+180, 2.77448001762435e+180,  2.77448001762435e+180, 2.77448001762435e+180, 2.77448001762435e+180,  2.77448001762435e+180, 2.77448001762435e+180, 2.77448001762435e+180,  2.77448001762435e+180, 2.77448001762435e+180, 1.01145361746601e-123,  2.77448001762435e+180, 2.77448001762435e+180, 2.77448001762435e+180,  2.77448001762435e+180, 2.77448001762435e+180, 2.77448001762435e+180,  2.90457027634082e-144, 2.53984458477173e-29, 1.10154625032203e-142,  2.77448001762432e+180, 2.76009647643194e+180, NaN, NaN, 1.06099789548264e-312,  -1.02357023881679e+270, -3.3807305879321e+221, -3.38084306397821e+221,  -3.38084306397821e+221, NaN, 6.81576207291685e-28))
result <- do.call(grattan::IncomeTax,testlist)
str(result)