testlist <- list(rates = -Inf, thresholds = c(NaN, Inf, 5.95750442285959e+228,  5.95750319650678e+228, 5.95750278984877e+228, -5.18846953172519e+245,  6.06452378675548e+228, NaN, NaN, -1.29211778557815e+294, 9.36318416482658e-307,  3.28527517407201, -1.01163270339852e+308, NaN, NaN, NA, 6.64032995703601e-07,  NaN, 2.78348553888302e-309, 1.68815768077876e+69, 2.45258486785002e-106,  -5.17538835566442e+245, NaN, -6.3100779998114e-256, 5.5446316004081e-97,  NaN, 1.02088463191188e+40, 7.76462361821357e-304, -5.49989590899971e+303,  5.95750278984877e+228, NaN, NaN, 1.20270737744251e-72, NaN, -5.74994784420039e+243,  -5.17495827120738e+245, -5.1893155522444e+245, NaN, NaN, 1.04294967003024e+40,  NaN, 2.78348636811127e-309, -1.93372419349018e+242, 3.56429232981243e-315,  1.04294967003054e+40, NaN, NaN, NaN, NaN, NaN, NaN, NaN, NaN,  NaN, -5.18931555224442e+245, 5.48663232018746e-310, 5.58561222671114e-311,  7.29044757046209e-304, NaN, -5.06414419567344e+245, NaN, NaN,  2.7574742489378e-10, 7.29111854293153e-304, -4.66320545847114e+304,  0), x = c(-5.48880255905784e+303, NaN, -2.87893744591755e-63,  NaN, NaN, NaN, NaN, NaN, NaN, NaN, NaN, NaN, NaN, NaN, NaN, NaN,  NaN, NaN, 3.64718026078091e-315, 1.04294967003054e+40, NaN, NaN,  NaN, NaN, NaN, NaN, NaN, NaN, NaN, NaN, NaN, NaN, NaN, NaN, -5.17495848366862e+245,  5.52976871679558e-310, NaN, 1.390671161567e-309, NaN, NaN, -9.00181948337867e+241,  NaN, NaN, 7.29048330221851e-304, -5.54792474493996e+243, NaN,  5.54095540936847e-310, -1.1255454651159e-256, 4.77793833555639e-299,  5.23868948222345e-10, 1.02096057434023e+40, 1.36845553155725e-48,  3.94171798504617e-259, NaN, 1.3684555315672e-48, -4.19867256722788e-140,  -5.17538999909499e+245, NaN, 4.22492486917067e-304, 3.94194057550298e-259,  4.77830973638732e-299, -1.50465302948754e-43, NaN, 1.39217565661517e-308,  -1.10232624616122e+45, NaN, -3.29659155073893e+118, NaN, NaN,  6.55651093237064e-07, 7.50963275954898e-308, -5.18931555224429e+245,  -5.18925946911527e+245, -8.46891178714298e+245, 4.73878840674895e-10,  1.18495789628904e-303, 1.42991672770676e-308, 7.42022340955951e-68,  NaN, NaN, 7.29112184298707e-304, 7.29111854288703e-304, 2.12199579047121e-314,  NaN, NaN, 9.79032497743168e-307, -3.14666901810749e+53, 1.6296844756901e-310,  -1.93372419349018e+242, 6.55651093230179e-07, -5.8290068026591e+303,  -8.52438965099359e+245, -8.72597601733955e+245, 1.05486856099845e+40,  1.042912285496e+40, 5.87574772763167e+228, 5.95750278984877e+228,  2.61929174573992e-312))
result <- do.call(grattan::IncomeTax,testlist)
str(result)