testlist <- list(rates = Inf, thresholds = c(-2.83676513199415e-124, NaN,  NaN, -5.06449032206091e+245, NaN, 2.95676290988922e-05, NaN,  -5.18931257312664e+245, 5.43247477693118e-312, -6.03473647566956e+304,  NaN, 4.77947283820032e-299, NaN, NaN, 1.65276105961256e+40, 1.39785663411574e-304,  1.0429122855008e+40, 7.29023213934846e-304, NaN, NaN, NaN, NaN,  -6.3100779998114e-256, -6.31001569488506e-256, NaN, 5.14674736242857e-312,  NaN, NaN, -8.0863487721329e-174, -4.82778918048755e+305, -1.56500840032025e-209,  NaN, 1.02096057475982e+40, 1.82922136165714e-260, 2.00659200205709e+42,  NaN, 5.49107856268543e-312, 3.92660092586328e-310, NaN, 1.39782377108199e-304,  2.12455197126707e+183, -5.18931255684731e+245, 3.32653413570203e-111,  NaN, 7.2911220195564e-304, 0, 3.23785921002061e-319, 0, 0, -6.51477233169266e+303,  NaN, NaN, 9.36270038563616e-307, 1.08729903862711e-311, 2.33589462432972e-310,  -3.33413819052274e-161, 2.78348555323592e-309, -1.93372419505209e+242,  1.63335553564935e+40, 9.48135689520352e-318, 0, 0, 0, 0, 0, 0,  1.65781316445591e+40, NaN, 2.12199579047121e-314, 0, 0, 0, 0,  4.14452302922905e-317, 0, 0, 0, 5.43230922360629e-312, NaN, NaN,  NaN), x = c(-3.68380079148118e+279, -3.68380079148118e+279, -3.68380079148118e+279,  -3.68380079148118e+279, 6.80564992382945e+38, -4.24853151812414e+275,  -3.68380079148118e+279, 6.36595499346381e-313, NaN, 2.33595787804786e-310,  -3.58022206425392e+279, -3.68380079148118e+279, -3.68380079148195e+279,  1.65249625237732e+40, 1.36932522936453e-304, 1.44173275461516e-308,  -8.52438964584272e+245, Inf, 6.64032995703588e-07, 1.39113490711204e-308,  -1.1255454651159e-256, 2.28135770725662e-310, NaN, -1.5651325541786e-209,  -1.56500839841835e-209, -1.9970180799106e+242, NaN, NaN, NaN,  NaN, NaN, NaN, NaN, NaN, NaN, 2.05226840064919e-289, NaN, NaN,  NaN, -5.82900682309329e+303, NaN, NaN, -Inf, NaN, NaN, NaN, NaN,  NaN, NaN, NaN, 4.77830972673471e-299, -5.82982301129014e+303,  NaN, 1.51193768685564e-304, NaN, 6.64032995703574e-07, 1.39113490711204e-308,  2.33590042682797e-310, 2.70150095835327e-307, NaN, 1.390671161567e-309,  NaN, NaN, NaN, -Inf, -6.92446207850139e+274, NaN, NaN, NaN, NaN,  NaN, NaN, 5.54095540936847e-310, NaN, 6.85453414910053e-07, -1.56500839580408e-209,  -1.56500840031282e-209, -2.92901966364515e+54, 7.66910533176329e-317,  0, -4.91619368107366e+245, NaN, NaN, -5.0644359327619e+245, NaN,  -5.76043027223312e+304, NaN, NaN, 1.39067082667587e-309, NaN,  NaN, -6.3100779998114e-256, 0))
result <- do.call(grattan::IncomeTax,testlist)
str(result)