testlist <- list(rates = c(NaN, NaN, 2.12862023882619e-106, NaN, -2.83637103419045e-124,  1.71272844748826e-260, 7.50966246834481e-308, 1.65249625247277e+40,  NaN, 7.2911220195564e-304, -5.48612406879369e+303, NaN, NaN,  NaN, 2.75744471483016e-10, NaN, NaN, NaN, NaN, NaN, NaN, NaN,  -8.72602724925346e+245, NaN, NaN, -5.48612613728258e+303, NaN,  2.97917860421848e-05, -3.92236978075669e+125, -6.17182154127554e+303,  1.04294967003024e+40, 6.8222682290681e+38, 7.56881123708578e-304,  1.42922203098211e-101, 7.0632744618033e-304, -5.49952001091897e+303,  2.12199579047121e-314, 0, 0, 0, 0, 0, 0, 0, 0, 0, 0, 0, 0, 0,  0, 0, 0, 0, 0, 0, 0, 0, 0, 0, 0, 0, 0, 0, 0, 0, 0, 0, 0, 0, 0,  0, 0, 0, 0, 0, 0, 0, 0, 0, 0, 0, 0, 0, 0, 0, 0, 0, 0), thresholds = c(NaN,  5.95750278984869e+228, 3.73958511007307e+286, 5.95750278493166e+228,  5.95750278984877e+228, 5.95745073761192e+228, -8.5233227686842e+245,  3.10503470425215e+231, 2.94664509246412e+229, 5.95750278984877e+228,  5.70703795391232e+180, -1.53095600232164e+256, -5.77883238702925e+303,  2.78348553888302e-309, 1.09572122103496e+74, 5.48663245635378e-310,  NaN, 6.85453414910053e-07, -1.56500839580408e-209, -1.56500840031282e-209,  -2.92901966364515e+54, 1.01855793228244e-312, -1.99700494896339e+242,  7.105427357601e-15, NaN, NaN, 2.57461749621365e-310, NaN, 5.15536798577386e-312,  NaN, NaN, NaN, 9.34532379696863e-307, 9.34532379696823e-307,  NaN, 5.54463160040789e-97, NaN, 1.02088463191188e+40, 7.76462361821357e-304,  -5.49989590899971e+303, 2.23764539047744e-310, -8.5243896509936e+245,  1.42991736552757e-308, NaN, -1.0770943579485e+217, -1.56500839841831e-209,  -1.56500839841838e-209, -2.9082254183492e+54, 6.0645237867554e+228,  NaN, NaN, -5.54960363163811e+303, -5.17512497157144e+245, 7.86924314314826e-308,  4.89613425871169e-299, 1.42943178999697e-101, 8.23606913415152e-114,  3.67142983950248e+228, 7.24455658408632e+165, 6.80564991001228e+38,  1.51189165578349e-304, 3.63054263070727e+228, 5.43722619646479e-109,  -2.85341810760082e-63, -5.14874035222493e-246, NaN), x = c(0,  0, 0, 0, 0, 0, 0, 0, 0, 0, 6.13636390557444e-92, 1.32963778288506e-105,  2.33598865781438e-310, 6.47561816356976e-308, 1.32515051110542e-105,  2.1644539979134e+233, 2.44047694750493e-152, 1.06399915245291e+248,  3.68069868587423e+180, 1.12414666149603e+79, 3.4928579786701e-110,  4.2472618696333e-314, 5.95750154236552e+228, 5.95750278984877e+228,  5.95750271042234e+228, 5.95750278984877e+228, 3.35884232342361e+227,  NaN, NaN, NaN, 6.24349710063198e+144, NaN, NaN, NaN, -5.17538835488245e+245,  NaN, -6.31007801965972e-256, 5.5446316004081e-97, NaN, 1.02088463191188e+40,  7.76462361821357e-304, 2.43823248259776e-95, 9.34531025882102e-307,  2.78105030004137e-309, 1.14577775454143e-72, NaN, -1.50465359059843e-43,  NaN, 2.79513953293095e-129, NaN, NaN, 2.16443570677964e-312,  2.7810487249198e-309, 1.39067116156637e-309, 2.98358499974942e-05,  NaN, NaN, NaN, NaN, NaN, 1.72723371101889e-77, -5.10711120890342e+245,  NaN, 6.06452379804964e+228, 5.95750278984877e+228, 5.8750074348072e+228,  5.95750278984877e+228, 1.19787461711707e+142, NaN, NaN, NaN,  -1.18182171214456e-125, 1.42993657304285e-308, 5.95750154236552e+228,  5.95750278984877e+228, NaN, -3.23461994037922e+244, 1.21943302735139e+142,  NaN, -5.50078902973508e+303, 5.95750278987369e+228, 5.95750278985497e+228 ))
result <- do.call(grattan::IncomeTax,testlist)
str(result)