testlist <- list(rates = c(9.70418706716128e-101, 9.70418706716128e-101,  9.70418706716128e-101, 9.70418706716127e-101, -1.47463789799909e-267,  2.40086640681612e-300, 5.67865049360052e-270, -3.66343140688486e-305,  -1.12938928206253e-287, NaN, 9.70418161697268e-101, 3.83677281523368e+117,  3.83708781060851e+117, NaN, -Inf, 0, 1.42873492037642e-101, -1.26834825275039e-30,  NaN, -1.26823093099111e-30, -2.24767623012983e-289, -1.24351955214285e-30,  -1.26836459270829e-30, 3.78576699573368e-270, -1.26836459270033e-30,  7.1991923414237e-310, -7.55234771438901e-287, NaN, NaN, 4.77830972673648e-299,  2.31058199965605e-138, 9.70418708477793e-101, 9.70418161697268e-101,  9.70418704587148e-101, 9.70418706716128e-101, 9.70418706716128e-101,  9.70418706716128e-101, 9.70418696071228e-101, 6.96251617241027e-310,  8.53111842806076e-85, 1.91777968406795e+289, 0), thresholds = NaN,      x = c(-2.29449120144681e-156, 1.12583501772562e-305, 2.72726193415388e-312,      -2.30313426231082e-156, -2.30331110816477e-156, -2.30331110816477e-156,      -2.30331110816272e-156, -2.29431386860975e-156, -5.55169905798676e+306,      2.80614289249855e-312, -2.2308331518689e-289, 1.39067116173462e-309,      0, 0, 0, NaN, 2.84809453888922e-306, 2.84347436052587e-312,      6.45086720644152e-312, 7.52608981901476e-304, NaN, -9.77818300079457e-150,      2.94613684519112e-306, -1.01124262054605e-185, 6.06584682809919e-301,      1.21044018122494e-305, -6.64550663505903e-287, -2.34568207499818e-185,      -1.23269146090507e-30, 3.78576699573368e-270, -7.92737105214484e-308,      0, 8.31143311405278e-310, 0, -2.95841658691758e-188, 1.94693962620681e-307,      1.0451773909944e-308, -3.02879630252661e-288, 0, 9.72926582174422e-309,      2.84809453888922e-306, 2.84347436052587e-312, 1.5252143722523e-272,      1.6211281971343e-319, -2.87284834993229e-188, 0, 4.53801546776667e+279,      Inf, -2.11852534546502e-289, NaN, -2.23286905518688e-286,      3.65365168445533e-306, 3.91612999644344e-306, 1.38622512589831e-309,      2.4692825238425e-94, -3.1385354411843e-159, -2.30331110816477e-156,      -6.05390363808932e-157, 3.91612999630351e-306, -8.98798625795533e+307,      -6.69969684636837e-287, 3.78320825121904e+117, -2.82116926035288e-277,      6.95356800417634e-310, -5.46354689220559e-108, -5.46354690059085e-108,      -5.46354690059085e-108, -5.46354690059085e-108, -5.46354690059085e-108,      -5.46354690059085e-108, NaN, -1.79769313486232e+308, NaN,      NaN, -7.39330692433031e-287, -Inf))
result <- do.call(grattan::IncomeTax,testlist)
str(result)